0x009B26482095A71dDD75e9697d7e013eC1e5e9D5 268500000000000000000 5370000000 0
0x0070e28b14C00fA66DC2abF94d04Cf37C938c27D 72519945000000000000 1450398900 0
0x0292ab62cF0AD2c47b6986376b43693073b9D667 12999999950000000000 259999999 0
0x0275ac085c8E0E558603CCe52482897E74637D58 189849999900000000000 3796999998 0
0x029f5B1374F1F6Fa129a0D2Efad195F9d38E66a9 53519999950000000000 1070399999 0
0x011b0246973116CC7ab9561e950FF9d2524d80f5 24890999950000000000 497819999 0
0x03E3618eA8d8B354A054cd6f0e0de8f92d20B1Ac 15003000000000000000 300060000 0
0x041Df9cCB0E5ECcB53f2890174fdC2b43E144e39 50104999950000000000 1002099999 0
0x04943ea9f6Db37e8AD2FB3F340dd8937A7812075 50438999950000000000 1008779999 0
0x05fF0DF7d3ef1f614DC233d0727f7558585823B9 87417000000000000000 1748340000 0
0x069a41068d43e05BeE20FDF86a1961fee22Caf5f 1615578999950000000000 32311579999 0
0x06899F1d73D0107169D57e4435CBa162c555e776 50000000000000000000 1000000000 0
0x06f01672F9526A28035AD2E9AE34dFA13d3B0fd9 138150999750000000000 2763019995 0
0x07895F6Fff3e75275e9eAC72143E700B2C7e16AF 12950000000000000000 259000000 0
0x0796fbBc670F4E8C77c411B3138dFa7222276a99 25042999950000000000 500859999 0
0x07e4C3Ed6db5a51DBe3140BE1E6ba2Fb04E15D05 140172499950000000000 2803449999 0
0x088DD841cA47544a3C4ae92205009111cD973bc6 50000000000000000000 1000000000 0
0x0892f198e82af563C13D8234D329dE30D8870cf8 162515500000000000000 3250310000 0
0x08f887602b90b7822ad37d474EBE168915560bA0 51330000000000000000 1026600000 0
0x08fbcDFDD30Cf8e95D65B09047710164805A6028 15088500000000000000 301770000 0
0x08Ee2aE7Fa266763a2B69504Cb37c389A4a37349 65217999950000000000 1304359999 0
0x09eD2dd6eF3542958fFbCE35a0C7B7c4A575471a 67499999950000000000 1349999999 0
0x0BB722AFE4f7Ed6F31535bA8E0865269B0be023a 25063499950000000000 501269999 0
0x0A8Aa4C3e4f2E51dC1BaD007F9428f70Ce291d1e 13414500000000000000 268290000 0
0x0C4080370F11c9e9d879C65f0C898ea0b90cE4D2 67499999950000000000 1349999999 0
0x0Be43b60D1eB45586223cc3CF0F01A958Ed567D4 25249999950000000000 504999999 0
0x0D498A2952b92a9C951dABdA2646d9ee98890119 308644000000000000000 6172880000 0
0x0E0553B323D5cf5f4A03c6a43935Cd0bCB5E5102 699999999950000000000 13999999999 0
0x0FCE74D8836AD96a103750D2E58C63cab82d0bb3 12999999950000000000 259999999 0
0x0b6e692A33072ee49221906433f32Aba033923d5 14097999950000000000 281959999 0
0x0E1576C4dAfF30d5814403282E8235D4b073B378 137640000000000000000 2752800000 0
0x0e539d715F17ef4de7b3566eF30Bc9b98048F1f8 100000000000000000000 2000000000 0
0x10609c59f6485fbb1f422C922bA6D8a30f8416cd 385002500000000000000 7700050000 0
0x1108786799033139EeE20A1824B0fF5eBC3Fd6ef 80520999950000000000 1610419999 0
0x1116D5C27aDca2A2049cF42c20A0E0f0e19863B2 50037000000000000000 1000740000 0
0x114435C40d4d2FFD73570640805d4A0b59084944 261384500000000000000 5227690000 0
0x11Cfa97622239Bd0d78DFAFB6CBa863aC1111872 65235500000000000000 1304710000 0
0x132462224f7E0da01781D8343c4B95300CDBe84E 50049999950000000000 1000999999 0
0x126C604a929E75a52BC216917378Dc790CD9E043 63895000000000000000 1277900000 0
0x14C6594A4B9e24EAB04f8F0FdC20b56B93e5AAae 75000000000000000000 1500000000 0
0x145795fE19167fF8F049a902bA0A1FE4bda74992 50002499950000000000 1000049999 0
0x13471656462d3DaD73d96682715FB5b1265974Ee 65590000000000000000 1311800000 0
0x15483BAfB9E57C2778E456886617f86f6aDdA1c1 220870000000000000000 4417400000 0
0x1573f5cEfdaaFd51fE6C8fC7C3cf6B196d4dCC0B 61482499950000000000 1229649999 0
0x16b44642B853a25BF8F38D8C61Fb7F7EB8a59C0A 50472500000000000000 1009450000 0
0x165D94D9c545E495b3Fc9ff8B10d5626cC642226 25050000000000000000 501000000 0
0x16fcc3F4350F8Ff2a399116B54C1559010ECDc8e 1057922499950000000000 21158449999 0
0x186433BFfd1c90E0779293eE51693473560efECE 26949999950000000000 538999999 0
0x187b04837Ec534d1Cb71C61d985fA75773e097Aa 13050000000000000000 261000000 0
0x19560CCc46F469F4E9C760D24D65E489d91c2f7f 15049999950000000000 300999999 0
0x1987FEc08FF3D757Ff04d77B62fb8C89d1aD4ed1 30649999950000000000 612999999 0
0x19C84092D2dc97C63B4F46d185809812CF8772f1 25112499950000000000 502249999 0
0x19dF8330fe942fb1F35C83624c452EC9663619BB 48152000000000000000 963040000 0
0x1A89b77FB171146D7594EC6B5513e4BEb99975C2 55000000000000000000 1100000000 0
0x1A5ab6D860e751eac88A91eE49F31CEA22785f00 15050000000000000000 301000000 0
0x1A8D9B6C3a3e39F88706139554BfB150B6241053 25043999950000000000 500879999 0
0x1CA7AD1d6485306272cD4f40c431d04606D092fE 60243500000000000000 1204870000 0
0x1DBF8251F400b0778152c4AbbD7e93712730472c 25200000000000000000 504000000 0
0x1E958FC83cCb606837FBDff3984201426546b071 69791000000000000000 1395820000 0
0x1b45dfB2a88CDf904b3b8f7b5Dc46A802a7d87Bd 39999999950000000000 799999999 0
0x1d66b926A66594AD8CD613da6AF5Cc1C3C5863af 499999999950000000000 9999999999 0
0x20d4f795011c99BDC57E184DBdf0F6186e152ccD 76399999950000000000 1527999999 0
0x2153ec756948eEFc4b2A96404FAF8c4daB987288 12592999950000000000 251859999 0
0x226e6B40dDB468bF448fdD402B8EEF47Ba9e2901 12730000000000000000 254600000 0
0x23146C469B5e49fC7D14945496c4Ee958500bb2b 25000000000000000000 500000000 0
0x22F8DBdD4744f812551Eda7a5afE6f7559cB6Ee0 190000000000000000000 3800000000 0
0x23F14179CA4e0b6AdfbA0d872fAb81C257DC3a7E 26999999950000000000 539999999 0
0x2464225C5Cc10D1f017EB0c40DCcB0E692B5b575 151299999950000000000 3025999999 0
0x25E9213C916f48D0E04365A8515D039FCBb57126 14925999950000000000 298519999 0
0x268E3A8E54Afe55C768Fa0142A149A160EDd7a43 25150000000000000000 503000000 0
0x25fAa8a17F6B1ec8D85fE52d06CbD083c5D0FE84 30777499950000000000 615549999 0
0x272e79c3B13464308B93D2DAD10D4DD1AEc77Dc7 27000000000000000000 540000000 0
0x29c31871c327Af0984469032Afe3340873ad4b75 74355500000000000000 1487110000 0
0x2A27bEf7089aC099dc8b8099670A27E65D22BF9C 100000000000000000000 2000000000 0
0x29caF9bADf63F7Ae7b0b4b856a4835315dbe6844 12557999950000000000 251159999 0
0x2B5650e8BD12F1df5ac15c3613949dC4Df6E8735 106137000000000000000 2122740000 0
0x2C8ad759B11Ea96bef43c2c2113E598C0265eBce 25013000000000000000 500260000 0
0x2E27a0fD1fd12d251F50255d50b3de90454B8529 209776499950000000000 4195529999 0
0x2a62a7cd228ed180169FE9894717E8c49198A6F2 352884999900000000000 7057699998 0
0x2a8fA7e67FE1857D6F50a4A4dAD6D552DEf32681 60000000000000000000 1200000000 0
0x2aFE2c6b1f2Bd735d287824E72f6f0c0dd753a3b 100011000000000000000 2000220000 0
0x2d340351Aa0f1DD2B8e1929EdB4fa328Ec261a6b 49999999950000000000 999999999 0
0x2d4Dabf1c891b88cC9E669171267E55E99d8103d 15000000000000000000 300000000 0
0x2dFc0E49739Df00C3575896ee1c956F5E7A9246C 22499999950000000000 449999999 0
0x3034c9c82F79d6881a8B65f00b04F31fCfc47407 15000000000000000000 300000000 0
0x3048110298CE01d5A0AeED1e880e2680A2B7371F 48094500000000000000 961890000 0
0x3161Aa2401C4025F70eE1346A78F7AfAa3A48Af3 14999999950000000000 299999999 0
0x31B046d3628314a022135187Ba6DA0D668D80101 14999999950000000000 299999999 0
0x31bc063725E521e36fEF8B725C221e4716c86758 150042500000000000000 3000850000 0
0x32BC4FEd8405dD3e75151e6E169b601D1C01639d 38206000000000000000 764120000 0
0x32E03AB908d7013105E2556C58a9825696cA45C4 12539500000000000000 250790000 0
0x3337e6F905F47EEff57D6f18Bb4aeB71a7E1f601 17708500000000000000 354170000 0
0x336F85B5cCC5B48fb83adC143b1Bbde08E17F3aE 25392499950000000000 507849999 0
0x33C8867d07176Ed49723e4e7A87Ce6eF8CD09197 212725735000000000000 4254514700 0
0x33E661166fd8C17586828a1368F3b0811C62cF45 28307499950000000000 566149999 0
0x33b1Cfaba02Eb4B01810774443A9C2F47A28c5eE 24999999950000000000 499999999 0
0x34d8BaD8b1e84287f9a99FD0162787C065F2422d 111717499950000000000 2234349999 0
0x357abb6239C47937edDcfd48912D801D7A8E86CB 25334499950000000000 506689999 0
0x357E6636419FfECAb159A5969752426698eB97B2 44999999950000000000 899999999 0
0x3779679695bF963A24F10D5B17B34D5E8cCFf9C6 26143000000000000000 522860000 0
0x38FE78B464761B99402D29Bb9c86568E9e6DF7E5 466485499950000000000 9329709999 0
0x3934D981a66E4BFD0F82EF99C9F405767f1cCfBD 95615499950000000000 1912309999 0
0x39f8F1d7b4aC6087eE65445355cfbc95Da62cb54 37499999950000000000 749999999 0
0x3B3864780de633f5479f50F65D6F75De1Fc9c99A 75263000000000000000 1505260000 0
0x3C6655112969E41548865CC8e3915a10efEc88CB 226577999950000000000 4531559999 0
0x3D300C65d9777C46Bb63A7A8526b6D23561D1e38 49999999950000000000 999999999 0
0x3E904FC8d4838d223E37Bc0327613839A57ff9b0 39412000000000000000 788240000 0
0x3E69Be42dA97D3B0A6fcca9897E943dd052F7A86 49999999950000000000 999999999 0
0x3F21822574B1cE0BCD64DDC649dF88be5e3A4DFA 12999999950000000000 259999999 0
0x3a49024555530cD9c0D1607A31F5eb05ED70dD17 34969499950000000000 699389999 0
0x3b2ED53bceA3063Ae83404F55c19da7f6F013F09 26499999950000000000 529999999 0
0x3c9c2564F9EB68DC866721a8FF12825c9c0AB135 28949999950000000000 578999999 0
0x3cF8f0639B508ff77A03Abd3bd64dc12D5A7A34f 27597500000000000000 551950000 0
0x3b2F4006D02EBB21d7c9c85D91d125C9b251EA50 50049999950000000000 1000999999 0
0x3fC5eec5E38130B2F80fAc354e0B67D083b43335 59767000000000000000 1195340000 0
0x4028f7eC025b8Fd7c09C30C19dEa77C0f1aEf93d 91735999950000000000 1834719999 0
0x403BB2721037C4C929ddcD917B631cED3B5fb4EC 25150000000000000000 503000000 0
0x419e98cAe40DB7504A9366753a6e25a5046470a1 274499999950000000000 5489999999 0
0x424376BAe002ea73D4F92B5A3f10369bf6dF74c8 25467999950000000000 509359999 0
0x43cebE05a4c748a99Dc47DFf33EF53E5EB75CAEc 26158999950000000000 523179999 0
0x44341CA3Bd366b2894468d287A3642C7Dbb81e60 12999999950000000000 259999999 0
0x44fB3BEbA3590e66f8B71d19F4582FF37425c3B8 59999999950000000000 1199999999 0
0x44F6c8F8C47096A4b2be82C996A6A5E2273ffd6C 80156499950000000000 1603129999 0
0x453d3573Adc6a3eA0D295de3A9cd74c455C5EbEe 285509000000000000000 5710180000 0
0x46d90489f68e4B724B28392f23013996a012c1C5 25000000000000000000 500000000 0
0x483e3583854E9A16d3412AE3cC3102cDbF2A7D15 44999999950000000000 899999999 0
0x4AAA2c30f8094e534280778735E2CD17E3C3D031 249999999950000000000 4999999999 0
0x49fD56971Ad196268FB26d9a46D6E2F3efA9ee9e 100550000000000000000 2011000000 0
0x4B9FB6bAE66adF9bED02a27E8adAb275cE9201f1 27230499950000000000 544609999 0
0x4Ad91d27926FBC0eEDDA0504ca053278B8b75f9A 27549999950000000000 550999999 0
0x4D4870AA9Cec337596C015Ec17Ded5E3f0723A51 25050000000000000000 501000000 0
0x4ECeACD7fc26372dbfF0209f81dBE9D6daAf5c11 72368500000000000000 1447370000 0
0x4F666C9E379aF3aC168976c42dC2FAd028372083 50043499950000000000 1000869999 0
0x4Ff1823028E52266a148BD7F87B5E6bd3A13B071 49999999950000000000 999999999 0
0x4cBD44aF34B78454309ffb8AB78123d536d8F9AF 250025000000000000000 5000500000 0
0x4baBd64315e2eB23b4ec09b69CfECA01606990f4 34699999950000000000 693999999 0
0x4cEcE1bc6D592c02C9e6fE0464842B4849119288 67379000000000000000 1347580000 0
0x4dBA7449fBC8CBb76a3552BeedC4ec74314b69E3 250000000000000000000 5000000000 0
0x50487F98B94e2A303A003B18249ce8C27f088ef5 15043000000000000000 300860000 0
0x4fcCC4cbE18db8190b09f2b31deC398E5D236B8A 200049999950000000000 4000999999 0
0x50430c074F8624EEBD78ab13c6D3c18Ff9857AcB 25000000000000000000 500000000 0
0x508664AE4C733b7fc70ad57b58661bB3097A2467 12550000000000000000 251000000 0
0x5106db2372BDBC03a266b34d4D0D2b64cb7C7EE2 62649999850000000000 1252999997 0
0x548719fBA49B4aF6ea1FB5AB7e806A934E408f5E 171714499950000000000 3434289999 0
0x543bD6E7B73197F6CAB9b82376E24eadf770b73d 51829999950000000000 1036599999 0
0x55B8be0d6D325Ab09AFd0dbfE3D5F420024d1095 14500000000000000000 290000000 0
0x57E2c115c2EFc6a7BE1f2Ba3979dF6B52eAA7bb7 14950000000000000000 299000000 0
0x562aDCDCf5fEfA4ABaBA8d634125B20Ef643beC1 536462499900000000000 10729249998 0
0x560fb2dDcD982Ddb09Ca91c1d35153553FF29428 75000000000000000000 1500000000 0
0x5839ccB4D445834A1011A6B87Ddb88D6c523f31f 112549999950000000000 2250999999 0
0x59a66B172787A3f0EDdf7d564E2B9a41fDd146b8 13042999950000000000 260859999 0
0x5A051b1b964350aE4121938B917A13d6576a491A 99799999950000000000 1995999999 0
0x5B1F0d363562f0552cf06A55Ac57933D928F8847 75000000000000000000 1500000000 0
0x5B425E1544f01b6afFF431F50ca7bf3D19b27055 66489499950000000000 1329789999 0
0x5C468F70bed11926A82Db37f21170adAba83A5F4 12590999950000000000 251819999 0
0x5E283ee8b14E142dc34D61510Ba5d3C43Af9C50a 150000000000000000000 3000000000 0
0x5E31B02a4779EA83676DB52CAca588639847044b 76529000000000000000 1530580000 0
0x5a6e0407a4A816E49bC14A8DCfFB73AEcFe8c99D 199980000000000000000 3999600000 0
0x5a7E5D413f5c7801Da89Fe780417134Dba13f058 62992999950000000000 1259859999 0
0x5b7D41e6bbba99ABC14172dD51F7De94c5c2a961 507496000000000000000 10149920000 0
0x5c5297b8eED75BDfc28CC0303018bCE649Da3842 118771200000000000000 2375424000 0
0x5d68346c28386c393686D04eCC408bB459a47aD1 30040000000000000000 600800000 0
0x61C91594c853148AC7a408b1CD0f53D4169D0d48 14949999950000000000 298999999 0
0x6234805771Cf57590158B65e7731C6DC7e88d2Ff 44999999950000000000 899999999 0
0x62b7667CD94B76F575c64EaCB2EFD6A234e61283 121750000000000000000 2435000000 0
0x6395248d45eDf532D4E66609D2EEdC1f502fE249 50098000000000000000 1001960000 0
0x636b6b2AFB95514A884d8e916F6Cfa95dd8D52Ca 29973500000000000000 599470000 0
0x63D014886F5241e35574e9Dc55dde65B09755c6A 59994999950000000000 1199899999 0
0x63F56b31d5266274C0D6A8aD3C15A9D526fAd6C4 116107500000000000000 2322150000 0
0x64Fd80a937BD35dFB4c2b2386C63C71a902d506B 57499999950000000000 1149999999 0
0x65227f2D62c2e71f3A44411559342A0e2c30Ed16 50009000000000000000 1000180000 0
0x653B9827fd38BB6b6e0562f94030C46342686044 51279000000000000000 1025580000 0
0x66007079aCbebB3Fb5261B4ED0818f4c0542Aa5A 12750000000000000000 255000000 0
0x66E9f415138619E51AbE50fd9830773398A9669D 15750000000000000000 315000000 0
0x658c38dAb6e7345790f066BdB76B48f7B3F1067D 32464499950000000000 649289999 0
0x689Ea8F59FD8036B51714996e323eEAf82fC90CB 52790999950000000000 1055819999 0
0x67e34192c40A5E6fd7be3037c6dcdbC3DF817a65 24999999950000000000 499999999 0
0x6AAAFb4d548338a9D4795921F557329Be3395a67 50627999950000000000 1012559999 0
0x6B0404a6476e2D707050a80ecC051435e3e7A742 200109999950000000000 4002199999 0
0x6BB2b29c68EB645eebe11545FbbE0E95e69d205d 42619999950000000000 852399999 0
0x6a193353CF1F655269fa55F2fF5039184436A857 87507999900000000000 1750159998 0
0x6e0F6424e81e2Fe0e783CFEd34D552b01e921262 276150000000000000000 5523000000 0
0x6ea38aD5C1954ffC8dBb41662E4866D41c9f47f2 120000000000000000000 2400000000 0
0x6e9D20879C82184AEc9f3191596EEf6708ab9422 17495000000000000000 349900000 0
0x6f2CFf9FdcC3399Bf619d0f96dE0A9Ea3E7F30a1 12600000000000000000 252000000 0
0x703B4dfDd7A7D1a38CAc7f532579770118147C23 12544500000000000000 250890000 0
0x708857E718191B19de1bAD9A0A7a8a5AD94144d0 30897999950000000000 617959999 0
0x70AC845f627Ec3835dF2DC4f4da5e0Ca1F91A057 50050000000000000000 1001000000 0
0x709572B6C45759B8D1ac7fbfBA79ab9b6ce08bC0 54999999950000000000 1099999999 0
0x71243EFe777eE5D55eEA68bBd98b27506Bdc36A8 34957499950000000000 699149999 0
0x71F51C64110709880260610EA8C411A28c067739 29999999950000000000 599999999 0
0x72B1aE83c634d064f64662D44229dA4132B7C76F 112536999950000000000 2250739999 0
0x72a09ad4c413AF01ee1eB260Ea00cF0Bc00739F6 65342499950000000000 1306849999 0
0x7318628A5FaB1Eb44B9548Badcb6341483794190 13068499950000000000 261369999 0
0x74420d7eBDC8ac832B93f3688f50c3dD273f3c3f 49999999950000000000 999999999 0
0x746d09105a12D1Ca97BC631c43C29CCAe6510C9f 23500000000000000000 470000000 0
0x74E3947F9dEB87Ba2f6Cc9ACc292Bf5714AEC4f1 15999999950000000000 319999999 0
0x770e70c37053300791F6f9D59e03D29527943A67 117430999900000000000 2348619998 0
0x7630cc5D76D92c2B678B8C94b015F1c0D3bB5022 74990000000000000000 1499800000 0
0x763d31F647139A605712121E19E02764c65B261E 26994500000000000000 539890000 0
0x765314EEEb36FbF14DBd039f2dBC37E1bCE39258 52549999900000000000 1050999998 0
0x79D4D07E8372EB28949aEBAddD3B6d79AbA923CC 150040999950000000000 3000819999 0
0x77EC7B450569e19F0954129A522CF85D620C0d59 42530000000000000000 850600000 0
0x78B777fCba42cCc9B4FCF09a658a51Fb7d826C31 25172500000000000000 503450000 0
0x79E4fCE7711b584E71C8dEc60860aeFc01A779D0 98599999950000000000 1971999999 0
0x79cb691b4922f4838727205C5Df8131dAFbf4dbA 12999999950000000000 259999999 0
0x7B4E446cBbEd4b7992484178d0b41023e466DC0E 87500000000000000000 1750000000 0
0x7D5CcA5F1920c7df8467Dd7A9c6B0c0a965Cf306 24999999950000000000 499999999 0
0x7F9e3D3D0ee6Dc61d01f6A72FCbc7326d3e51be3 19948999950000000000 398979999 0
0x7C919d4fcCB08DcaA670880c83e8169F3663f090 20649999950000000000 412999999 0
0x7FbcFb09262f854e6b4596FDc940c2c9a453Ddb7 164093999950000000000 3281879999 0
0x7beC2295Ace9e27D759f8f3E836814D1f72e7b64 24999999950000000000 499999999 0
0x7eeB32451a0e6001d111b93A98F6C6A84F998632 43449999950000000000 868999999 0
0x7f28Ad5b86BA64F7fa53BcB7670D669144bc5E09 24925000000000000000 498500000 0
0x80a200766968B7edd171640C66195A717E74057C 50085999950000000000 1001719999 0
0x8226cf4B68E19CC1a88A2456B32c7371C845c238 161103500000000000000 3222070000 0
0x83f2fc1946BcE145751318546500102F565387bc 21599999950000000000 431999999 0
0x8379748e7079e8309b955726a7D146d4239ddB28 12617500000000000000 252350000 0
0x84604923E40334EDa04Ac398036ae6e53bd7B65A 255000000000000000000 5100000000 0
0x84D667DD7d074e96Ed3f5145bE1653cf1c8F1F27 45649499950000000000 912989999 0
0x84e6E427Bd53487Ebc7bBa18c812A024B2bf0400 25042500000000000000 500850000 0
0x85093B7D8185A38d9b49a2E74F17f7EEc01675E3 17499999950000000000 349999999 0
0x8548453d606254000b38e7E86F959Cd428612093 62499999950000000000 1249999999 0
0x8516cFEbDe7545ff5F7d0001b71Df9fB68e3130E 94500000000000000000 1890000000 0
0x86166daa3FEB9ca033A34Ca8739DE2EA1618cBa7 25149999950000000000 502999999 0
0x86A53E26936D49112DF7B354Dd93A95CB1D8cb67 75000000000000000000 1500000000 0
0x86a8B35Fe5Edaa744A2d5DA9330813a82c7cC5bC 12550000000000000000 251000000 0
0x87BdfB5FB9e23489aDf9B0e9eee04Bdb65e795FD 15099999950000000000 301999999 0
0x87F60A8A35F3Da110bA2Acc8B30dD9c7894D7f0F 56826000000000000000 1136520000 0
0x88696A8ceB3465FfA418EDBd1d982277C0746715 100000000000000000000 2000000000 0
0x886dCa52406b531cdBfA05D2EB9dE2de0287A5FF 39949999950000000000 798999999 0
0x8AcbB1fa2FA126F9C13130CAb9D78a92d751e5b9 197550000000000000000 3951000000 0
0x8DdE2c811EbdC2f6Cb4E6A02E547712CCa1A8577 148134999950000000000 2962699999 0
0x8FeACa3902A8BF71Ed7556324a0D9c88ACa78C7A 13049999950000000000 260999999 0
0x8F5E915D1c718E08A49a5880E7611dae9B044022 40014999900000000000 800299998 0
0x8a1837eb135699A780Db441a4A05029700b8bEBC 237749999950000000000 4754999999 0
0x8a0eebE9BE754Eb13d8cF93d1B728D78865577EA 49950000000000000000 999000000 0
0x8a592Ab18cf5e36d4D5E4d848cAe1B69996D6456 38161000000000000000 763220000 0
0x8b11847D9cc09C33e5538C22f5d68477d46b1175 52499999950000000000 1049999999 0
0x8b1Ef01790a9c472Ec014e4810fE65f3Ae846546 12500000000000000000 250000000 0
0x8c8354A13eC87DFe76d2D291E3FaC46323f1F2F3 250249999950000000000 5004999999 0
0x8b817495a8a9DFb0Ed012952E578f3D1C46A7B78 100000000000000000000 2000000000 0
0x8cBf9D4605AB40BcDF74d3A9c3bbAEc6E5c8BC84 15000000000000000000 300000000 0
0x8fB762B893e0e757b7Ac426cf1F048a366742E25 25265000000000000000 505300000 0
0x8fD0724B69EddA183F513CCFD8754e97c0bC6924 54113000000000000000 1082260000 0
0x8faF2B140DbB0F8a5E9b20c5e16cc361Cd1a176f 118820500000000000000 2376410000 0
0x904D5c68933E633607D7d96948B6E043C8A2219d 25500000000000000000 510000000 0
0x9134F7d3EF17FE16945c85C611445FEa700f1760 50422000000000000000 1008440000 0
0x91BdB6b5b8112541ED2ABE0F379AA5cB60FcBBf1 15050000000000000000 301000000 0
0x921537A6B6831a8255e91ffa77eDd13D9117D76e 255056000000000000000 5101120000 0
0x92757E7bc04CC00baF904657AD4a7e2f507569cB 41999999900000000000 839999998 0
0x9361C02a2a48D2E18CA7B12b262dc8c71AfFA1FA 159862500000000000000 3197250000 0
0x947e7B752459D0Fc350F8501b285248359B358EC 31499999950000000000 629999999 0
0x956642E471D5DA741b34aBB14d1B74b46583cD80 49999999950000000000 999999999 0
0x9580Aa67a22d18A0Fa826771dcC7b4ED7Ea3F4a7 104369999950000000000 2087399999 0
0x95b3f0ABD2c9438b1d9F4CA8F684fe8310F25e49 15599999950000000000 311999999 0
0x965812D1bEB894899fe4ED508fA4519b97a05DdA 107799999950000000000 2155999999 0
0x96A4fE77Db189b0F5Bd38bb0797e87eDF5081d8e 30119999950000000000 602399999 0
0x9736d69Df1604db8654fEB1e6FE06170f58b1aDd 12520500000000000000 250410000 0
0x97759FFc1A1efCe66CD33f827e236FB93cC79888 50833499950000000000 1016669999 0
0x98564E509700a5A2AB5676ac4f423027C0e3B1Ed 12542999950000000000 250859999 0
0x9C125c034511eD328d75f8E10620df8B7cBDE556 29500000000000000000 590000000 0
0x9C5Cd81c2F62d754588ee5a56Bc80bd5F028d52B 200489999950000000000 4009799999 0
0x9C808ac41ca19Df10e9fF9e977B19A0F80c664fF 724999999900000000000 14499999998 0
0x9D68b76aA366D06513C1Ed5b982668112a5512c9 32540999950000000000 650819999 0
0x9abB77B2D844a228002D64b80F2Bf09f93dc921d 102595000000000000000 2051900000 0
0x9d4723A6d112a2f3DC2D3224B04ad0a0D730bF08 25449999950000000000 508999999 0
0x9dB44fb2f2d4B645443fada48Cea0899CA1B6640 2499950000000000000000 49999000000 0
0x9e433252D040fE68bb25FF1FEB556a0Ec28B3a87 62213999950000000000 1244279999 0
0x9e6C368F7c83cBC15F8B76eb5De0B088511064a0 100191499950000000000 2003829999 0
0xA0212AA323BCbd8e260eff423ED3EC0b762e6F8c 44999999950000000000 899999999 0
0xA68033a2A9814A735d0BD8341C97b9625f1c8902 25074999950000000000 501499999 0
0xA8846C20dc1BeeDB3aFbB948841d4E2bD2378E24 33402500000000000000 668050000 0
0xACa413def232C4b5CfD02727c3cf79e628aeC687 50056999950000000000 1001139999 0
0xAD5147bD6e123447227aB0C737B505D864AB096A 238052999950000000000 4761059999 0
0xAdE62B3B77fBC8f25c6a95C1999220455C2C742e 66700000000000000000 1334000000 0
0xB20B9aa95E16605435EdfD7496aB549f2d4632b2 70099999950000000000 1401999999 0
0xB3606cb41c24D101980B6dADaCe591115d4BBC85 59999999950000000000 1199999999 0
0xB332F121C13FE65B80B53453BD1c925a6677adde 302524000000000000000 6050480000 0
0xB4606A725e1ab7fD37b2e69957d701d3Ef5fEdd0 46050000000000000000 921000000 0
0xB4e324f396255Fe055d40DbD25842BC96fc513fe 22508500000000000000 450170000 0
0xB48aAC31d696B2AefDFA1D49025c0Fcb72495e29 74241999950000000000 1484839999 0
0xB6df88d10a4b4043644cdE7f4a94Faa93EEAC25A 32499999950000000000 649999999 0
0xB7C45De38EfA80BdD74573c09e75699c50840ABb 25000000000000000000 500000000 0
0xB7d5a8fa9c7eDE8Aa32Da1aa329D7d3AD5359812 60050999950000000000 1201019999 0
0xB9b9fEB2DDc23b2D922834e62155B4451AF4a972 250049999950000000000 5000999999 0
0xBB3c2889063d5E5F12d3c969D3cD37F139a2b718 915725999950000000000 18314519999 0
0xBD9A14c76F592b26480BE7A24bCC4e8EF0F62F16 13002499950000000000 260049999 0
0xBDaF41E78583C25cC56429E2454C2Cae8c8CcE85 67750000000000000000 1355000000 0
0xBabbAb46D33d4C24474B83c484228D3b618b30F0 112549999950000000000 2250999999 0
0xC4B8C57277aC4a2a681ce84B04e0CDe9B5de6F20 50000000000000000000 1000000000 0
0xC17b61a8bFB47734200f7E068CaABE4085128a16 30000000000000000000 600000000 0
0xC8f51399b00e53c46FdD705f0088B9Ae792CA506 19999999950000000000 399999999 0
0xC7c69E18BC1A1cc29dA1f85084BF9d25d2584848 15749999950000000000 314999999 0
0xC8e8431D2a350Cb87be6124c8f7ebA9C6bfEd17F 50350000000000000000 1007000000 0
0xC9dD69425DDCf1084A2c1918A5FcD2592173FD8f 171534000000000000000 3430680000 0
0xCAc1c83543d583A195ba976e5227C39C0719069e 49999999950000000000 999999999 0
0xCE19b1601986eC9c71fDF1f5f3ac9773e61499F9 65049999950000000000 1300999999 0
0xCa1C7e716002394e39EA8FBbD7b310287b3bc58E 37549000000000000000 750980000 0
0xCa42442258b9E9994Ec9EDe50b70bf1b3bAA491E 44999999950000000000 899999999 0
0xCf8D296A0ccB2Fd621f9a77c4f793268433De50B 276200000000000000000 5524000000 0
0xD0b7fFcFEB088fd475Fe951930f54Ce45BBa37ce 29299999950000000000 585999999 0
0xD219D4EE486a13b00feA12F9328AB70891Fce11C 75731000000000000000 1514620000 0
0xD400972B3486a2eD2E740D4d4429685743e6B0ad 40733000000000000000 814660000 0
0xD46555e7579288eafE9c56aE4F4d705DA16D249e 26288000000000000000 525760000 0
0xD59D58328A02f49D31b41a211e83675E9791A45f 88823500000000000000 1776470000 0
0xD59D482c51438c5c60089D1D5973e0739232d30e 25087500000000000000 501750000 0
0xD7FE7CdEeDe1C27124040175d0EACBBC05cBe6c9 32349999950000000000 646999999 0
0xD8511CedBf108a50fDf429A08e55E49356890169 62549999950000000000 1250999999 0
0xD864b5b477fD0993ACE409E372330e485B940fA3 28941499950000000000 578829999 0
0xD97eC4a7620a989Cd1f498831202230Db3E076ac 25226500000000000000 504530000 0
0xDA5889d6e8c02E722E25fBE6C0cb9F487eC6AeC8 32744999950000000000 654899999 0
0xDE46eAE75455ccE824189Cc7dC46DDBdc4085dF5 34940000000000000000 698800000 0
0xDc98598Cf9418557FcA7adf558350552a92CE53e 25243499950000000000 504869999 0
0xDf05f34ea9Df6638CFC020762Ca8418e6636B86e 62731000000000000000 1254620000 0
0xE0Cf89379355F5676102F7a1462a9E74362d46b7 69950000000000000000 1399000000 0
0xE24A1c363595090551391e2AFb588F9dF6957aDd 44450000000000000000 889000000 0
0xE6deADE40Afe4Acc33EB4de6C07D8ba05e5eFACb 150008500000000000000 3000170000 0
0xE7c2D7fF2220d0D83009E8c7ae1A2A9191d5C77D 262572000000000000000 5251440000 0
0xE894d327d3F9a4C8ffA8aDE3d010fa8179a81E77 19999999950000000000 399999999 0
0xED5aD7010b267d731ff32FC1353d1D5307c32c60 25249999950000000000 504999999 0
0xE9A9348Eae04E2af2c5d440d08cfBCe82Bfe3556 24949999950000000000 498999999 0
0xE8891ecbc5Ed30A572961520166171B730DbC33d 26049999950000000000 520999999 0
0xEDAFa314004e1D9174c9B78F82226ecbFD5951aF 62507000000000000000 1250140000 0
0xEf18A66fC412b2e2ba3A83f57E29F83b3c9c7344 12550000000000000000 251000000 0
0xF4B3F771a397A822C13fa7b90335AB76b0CEbF20 50018999950000000000 1000379999 0
0xF69b4D29000Fa63849B76f93f826400AaB06145C 300518782400000000000 6010375648 0
0xF6708dc4245f7b4F7C80f7CBaaEd654bdC2DF694 34092000000000000000 681840000 0
0xF9214e3F32dAaF65f7b2321d9A2c3Ecb4b2E9731 50249999950000000000 1004999999 0
0xFC2E469957A671f803aa4351b723A5752ecEAB62 73499999950000000000 1469999999 0
0xFc84007e947FABB2c77Eb2fDEC55c0FFF55aA942 50789999950000000000 1015799999 0
0xFcC50e02999CD26659BBaE72332FAE2A62a994EC 49999999950000000000 999999999 0
0xa0D5CcAcd634AE8dc9Dcf7dc0588Fba1df58DE31 25042999950000000000 500859999 0
0xa83Aa5fA547f5bf832Eaa57ccb18Fc27C3929419 1512500000000000000000 30250000000 0
0xa7012325D2A05Cac3b2Dc8781F2083E4C7F041CF 50000000000000000000 1000000000 0
0xa8F1c6e522981945F60B70DAb9F23da272dF0Fa2 200000000000000000000 4000000000 0
0xa8a0cb4E2DBbeC8057e69B1d4D69E5cF74EAc819 64999999950000000000 1299999999 0
0xa9160CB8afa248e1E19bF59B21D654A84eC025F3 38040500000000000000 760810000 0
0xa9aa0a3CbD67845C7CDe12756817D409C157Cade 134440500000000000000 2688810000 0
0xad79d2946160aae406fBa0c1d9D598A735335374 25000000000000000000 500000000 0
0xaCB3a6051d5B41B244A6a35090e6065E15c1E90c 14995000000000000000 299900000 0
0xaCAdb078ED39830fa057AFe3127Bb06165B3Bc1D 100846000000000000000 2016920000 0
0xae2e3762368EFF4ffE19bC56b01f99AE43c4073f 80010000000000000000 1600200000 0
0xaef893d47A071dc7013984143ffa4E5412422738 50999999950000000000 1019999999 0
0xaeAebBD7Aa7868aA5053c38422BF712922D434d5 50500000000000000000 1010000000 0
0xaf79A0E5F35F2A6D86e9EbfDb3738D06B32Ea9a6 158134999950000000000 3162699999 0
0xb43862CDC00bfEF7cA9e7447A017aF8f230a9BC3 30099999950000000000 601999999 0
0xb14baddf473aF04B715459127C0CE5Dfb36403fd 12749999950000000000 254999999 0
0xb10e4b3B5014D68DD68037E4E1339EFE58c8bed4 27307999950000000000 546159999 0
0xb4aA027BA81DC57a0C667CeDc32415aB3101d198 154900000000000000000 3098000000 0
0xb49E4508dcE41617683DF4AB8e48B478986c0fe8 54990000000000000000 1099800000 0
0xb62fd6aCEbbAB497A9a35b401358B006657A34a4 12549999950000000000 250999999 0
0xb872a11286C8c9943A5Dcec8D5e4833DC9C5a800 37840500000000000000 756810000 0
0xbb14fb6F2a2b8DB4AA924d561e4b7CBd7AB464fE 25083000000000000000 501660000 0
0xbc2DFF8452495dc40763c8592638368896FB6758 12549999950000000000 250999999 0
0xc02Bc8bFdFd88BAf0c1DA8861a88567Ccc4e9c14 74014499950000000000 1480289999 0
0xbf9ca80AEbB99FAc481641a8D84B5c8Aa5fCea39 1000100000000000000000 20002000000 0
0xbf54d351e38Da7D755359fabf89e8864FD0377Cb 419273500000000000000 8385470000 0
0xc146b59eA03713a0921b5170CAb247d7b87339d2 98999999950000000000 1979999999 0
0xc2bd50a98899251433CB905D0E450b482Ec31Daa 37741499950000000000 754829999 0
0xc6C0eda0b5a7757aB97AE9B44CCCB6ae6DF9C37C 150100000000000000000 3002000000 0
0xc73622FFf7A789B014926926533Fb93278816b49 12549999950000000000 250999999 0
0xc77B97681D482E81a9854248b6196d5a81C91A17 37600000000000000000 752000000 0
0xc9F6aC2B9a48F63d220fF6cD45C5d2f703a882b2 34828500000000000000 696570000 0
0xc9a65Bc041873826ed5ae864b27651eB683b4a56 306072000000000000000 6121440000 0
0xcB9A9eAa6E51f90F8F9995CC898Fc8b7bcFD8E2F 189699500000000000000 3793990000 0
0xcEaAA501a4D4e80B097026853E01089A77C918ea 86617499900000000000 1732349998 0
0xcEAf6635734ED8F502bB91743d840B85d2f8F8D4 12999999950000000000 259999999 0
0xccFaf02BD890947D4C2209BE2222067b8793a8f5 26777000000000000000 535540000 0
0xd09Ff4A3D9eC809E31E12E06e56Be2105B425C4c 142099999950000000000 2841999999 0
0xd1C2CD5ede1EAD01fCAfCf5C6d4d4c806847D747 26249999950000000000 524999999 0
0xd0B449CEfb785428A7EF309f88cCF0b73D655522 435037000000000000000 8700740000 0
0xd1f3b946887dD5BE9cF532010256DBf218a18463 50627500000000000000 1012550000 0
0xd2306a3F343dE321d90Cac6c3D0746A7C0D8a79d 19499999950000000000 389999999 0
0xd3394a73f636a22F73FED5eb2B3E18F7e97Bb036 1110806500000000000000 22216130000 0
0xd3af37CB330507eaB8a02F9d3c3Bd5eBCf904015 27499999950000000000 549999999 0
0xd4e73F42fa247D1682D6f31e6eB8c5e96dC8B0E4 38892500000000000000 777850000 0
0xd5724050fA47d3E54dAd4b94e024B2E618F8159A 83950999950000000000 1679019999 0
0xd6957C35fD61C6705bbDbd7b6fC6B55dD6219CeA 37197850000000000000 743957000 0
0xdAa4dABEC8626C537F59a6073bD35FB0A1290350 99999999950000000000 1999999999 0
0xdF2120120a77591353EB24c25E6d78Fa64ef2965 323781998350000000000 6475639967 794360033
