0x009B26482095A71dDD75e9697d7e013eC1e5e9D5 5370000000 30000000 0
0x0070e28b14C00fA66DC2abF94d04Cf37C938c27D 1450398900 30000000 0
0x0292ab62cF0AD2c47b6986376b43693073b9D667 259999999 30000000 0
0x0275ac085c8E0E558603CCe52482897E74637D58 3796999998 30000000 0
0x029f5B1374F1F6Fa129a0D2Efad195F9d38E66a9 1070399999 30000000 0
0x011b0246973116CC7ab9561e950FF9d2524d80f5 497819999 30000000 0
0x01df689F929b1F3e97fF84128bFE298bE35bB6ac 1049999999 20000000 0
0x031C75Ea14291317078C6156d45370A6e5871c49 502259999 11000000 0
0x03E14EeC725AB3e44344d0fA57b40E7faf04D419 1000000000 20000000 0
0x03b6cE61c75f274DF3686AE4b65EF60B381E4C99 299290000 20000000 0
0x03E3618eA8d8B354A054cd6f0e0de8f92d20B1Ac 300060000 30000000 0
0x041Df9cCB0E5ECcB53f2890174fdC2b43E144e39 1002099999 30000000 0
0x04943ea9f6Db37e8AD2FB3F340dd8937A7812075 1008779999 30000000 0
0x06046Aa07Be829b6a941F32F21408a0FC0A9A64e 6000059999 25000000 0
0x05fF0DF7d3ef1f614DC233d0727f7558585823B9 1748340000 30000000 0
0x04e78Fb382d025D61E34290162D3Bbe4457aC299 250000000 21000000 0
0x069a41068d43e05BeE20FDF86a1961fee22Caf5f 32311579999 30000000 0
0x06899F1d73D0107169D57e4435CBa162c555e776 1000000000 30000000 0
0x06a0e040129320292BcB7ACd91fE734Ffb040c45 252000000 20000000 0
0x06f01672F9526A28035AD2E9AE34dFA13d3B0fd9 2763019995 30000000 0
0x07895F6Fff3e75275e9eAC72143E700B2C7e16AF 259000000 30000000 0
0x084413343A39Ced088977a1d906DcD63DeB2437C 501930000 10000000 0
0x0796fbBc670F4E8C77c411B3138dFa7222276a99 500859999 30000000 0
0x07e4C3Ed6db5a51DBe3140BE1E6ba2Fb04E15D05 2803449999 30000000 0
0x088DD841cA47544a3C4ae92205009111cD973bc6 1000000000 30000000 0
0x0892f198e82af563C13D8234D329dE30D8870cf8 3250310000 30000000 0
0x08f887602b90b7822ad37d474EBE168915560bA0 1026600000 30000000 0
0x08fbcDFDD30Cf8e95D65B09047710164805A6028 301770000 30000000 0
0x08D1f66A9Fc2CFd268626De82C8658DA1Bf68A1b 500999999 20000000 0
0x0958e9253Ca69a3CAe91FcaCaA896326f9Bf0DF7 1000019999 25000000 0
0x08Ee2aE7Fa266763a2B69504Cb37c389A4a37349 1304359999 30000000 0
0x096a72d48B591b0AFeC441124E555f2D1BE126b3 999999999 20000000 0
0x09f69f942eDfAFe2F549C64d2d993D26BFd66B7a 499999999 20000000 0
0x09eD2dd6eF3542958fFbCE35a0C7B7c4A575471a 1349999999 30000000 0
0x0BB722AFE4f7Ed6F31535bA8E0865269B0be023a 501269999 30000000 0
0x0A8Aa4C3e4f2E51dC1BaD007F9428f70Ce291d1e 268290000 30000000 0
0x0C4080370F11c9e9d879C65f0C898ea0b90cE4D2 1349999999 30000000 0
0x0Be43b60D1eB45586223cc3CF0F01A958Ed567D4 504999999 30000000 0
0x0D170edc622a15d310F3ef97Cab2DC6A6C09D00b 999999998 25000000 0
0x0D498A2952b92a9C951dABdA2646d9ee98890119 6172880000 30000000 0
0x0E0553B323D5cf5f4A03c6a43935Cd0bCB5E5102 13999999999 30000000 0
0x0D8C40Ab2F2a67DF76892Ec15A368dE297f5A6d7 2000000000 20000000 0
0x0FCE74D8836AD96a103750D2E58C63cab82d0bb3 259999999 30000000 0
0x0b6e692A33072ee49221906433f32Aba033923d5 281959999 30000000 0
0x0E1576C4dAfF30d5814403282E8235D4b073B378 2752800000 30000000 0
0x0d4E7aD7b0d1A798db7026123539B2Da28df339E 259999999 20000000 0
0x0d8636bd068Fe6Aee2B3ea20e98255ADD33Ec208 511499999 20000000 0
0x0dA62fE23CE0b03548ECcd977d0C741b663393da 251510000 25000000 0
0x0e539d715F17ef4de7b3566eF30Bc9b98048F1f8 2000000000 30000000 0
0x10395EFB8bA5cc40F9571483b95bAd48D8BCa253 299810000 15000000 0
0x10609c59f6485fbb1f422C922bA6D8a30f8416cd 7700050000 30000000 0
0x1108786799033139EeE20A1824B0fF5eBC3Fd6ef 1610419999 30000000 0
0x1116D5C27aDca2A2049cF42c20A0E0f0e19863B2 1000740000 30000000 0
0x11080d692e63490D29E0dFC3f81100E51F3230f3 260000000 20000000 0
0x115649E42fF931Ee0ED50672F9f99891bAAb01e3 503670000 20000000 0
0x114435C40d4d2FFD73570640805d4A0b59084944 5227690000 30000000 0
0x1173e535DAAAceaD5745D1f5f19C64723427e1DC 586919999 21000000 0
0x11Cfa97622239Bd0d78DFAFB6CBa863aC1111872 1304710000 30000000 0
0x132462224f7E0da01781D8343c4B95300CDBe84E 1000999999 30000000 0
0x126C604a929E75a52BC216917378Dc790CD9E043 1277900000 30000000 0
0x13bFaA14b1769f1D674a3021426CfA5Ed7FDB1eA 500000000 20000000 0
0x14C6594A4B9e24EAB04f8F0FdC20b56B93e5AAae 1500000000 30000000 0
0x145795fE19167fF8F049a902bA0A1FE4bda74992 1000049999 30000000 0
0x13471656462d3DaD73d96682715FB5b1265974Ee 1311800000 30000000 0
0x15497D32676589101C557bC0aA59615DEB07a16e 671049999 10000000 0
0x15483BAfB9E57C2778E456886617f86f6aDdA1c1 4417400000 30000000 0
0x15e58f8Bd1827B1f05D89AeC8cdB7330Fcb35dA8 500000000 20000000 0
0x1573f5cEfdaaFd51fE6C8fC7C3cf6B196d4dCC0B 1229649999 30000000 0
0x1696C867e6D8F06Fec3cdb8ce596767917ED85C1 982999999 25000000 0
0x15b5d066056C747BBf8d6c2e18c006fC9A06Bb88 1599999999 20000000 0
0x16b44642B853a25BF8F38D8C61Fb7F7EB8a59C0A 1009450000 30000000 0
0x165D94D9c545E495b3Fc9ff8B10d5626cC642226 501000000 30000000 0
0x16fcc3F4350F8Ff2a399116B54C1559010ECDc8e 21158449999 30000000 0
0x186433BFfd1c90E0779293eE51693473560efECE 538999999 30000000 0
0x187b04837Ec534d1Cb71C61d985fA75773e097Aa 261000000 30000000 0
0x18c845d1AA7A07A1a4b4dEd3A076ADAaE12C240B 497999999 20000000 0
0x19560CCc46F469F4E9C760D24D65E489d91c2f7f 300999999 30000000 0
0x1987FEc08FF3D757Ff04d77B62fb8C89d1aD4ed1 612999999 30000000 0
0x197254C61fF522e8758F4Ef6a266961DecAF75e8 255840000 20000000 0
0x19B771C6Fa986DCfD9d04384bB57eE6eD173806e 263439999 20000000 0
0x19d71c73e8c153bbDe0EF4A5343DFa56D0133238 277610000 20000000 0
0x19C84092D2dc97C63B4F46d185809812CF8772f1 502249999 30000000 0
0x19dF8330fe942fb1F35C83624c452EC9663619BB 963040000 30000000 0
0x1A0DfD49a2057BFe99eC322C04dF31fC75D16F10 250750000 20000000 0
0x19ec1A77A161a6D7B3a0f4dE4Aa5660Ea44213e1 349999999 20000000 0
0x1A89b77FB171146D7594EC6B5513e4BEb99975C2 1100000000 30000000 0
0x1A5ab6D860e751eac88A91eE49F31CEA22785f00 301000000 30000000 0
0x1A8D9B6C3a3e39F88706139554BfB150B6241053 500879999 30000000 0
0x1B7610d912384Be798859CE9511034f32e8eA141 1325189999 26000000 0
0x1BaD097161f1Ca04854b93EfF27cb6b0677A3f57 600459999 20000000 0
0x1CA7AD1d6485306272cD4f40c431d04606D092fE 1204870000 30000000 0
0x1DBF8251F400b0778152c4AbbD7e93712730472c 504000000 30000000 0
0x1CE4E6a259D9514EA61652a2D93e3cCB89303372 502130000 20000000 0
0x1E958FC83cCb606837FBDff3984201426546b071 1395820000 30000000 0
0x1F06d04cf57f8DeFFe6F63BBe58555C1cf0524f4 1000000000 18000000 0
0x1E300b80069E967576eD9946ab47f649d715FeB4 250859999 16000000 0
0x1FE3Fb2b0c065525Ac861A3d22331996285Ab2A2 5001000000 20000000 0
0x1ad327e031D1Ec46476A6211Cb5e0c072AE51a6D 790359999 10000000 0
0x1b45dfB2a88CDf904b3b8f7b5Dc46A802a7d87Bd 799999999 30000000 0
0x1bB1207A5dd6D55026C65344820e3764301bB3F9 1199999999 21000000 0
0x1bc292751D36d45901aDA1a49046A1852246a06C 261640000 15000000 0
0x1d43b76e1B9B6C8E8694909462eF283C600CA856 1179999999 28000000 0
0x1d66b926A66594AD8CD613da6AF5Cc1C3C5863af 9999999999 30000000 0
0x20d4f795011c99BDC57E184DBdf0F6186e152ccD 1527999999 30000000 0
0x2153ec756948eEFc4b2A96404FAF8c4daB987288 251859999 30000000 0
0x217C2280F2c32E8528f4F72e0BE603b5958ae22b 252999999 15000000 0
0x226e6B40dDB468bF448fdD402B8EEF47Ba9e2901 254600000 30000000 0
0x23146C469B5e49fC7D14945496c4Ee958500bb2b 500000000 30000000 0
0x22F8DBdD4744f812551Eda7a5afE6f7559cB6Ee0 3800000000 30000000 0
0x23F14179CA4e0b6AdfbA0d872fAb81C257DC3a7E 539999999 30000000 0
0x2481e8DA1315dcaaD122c4b1cb988EB236370014 250999999 20000000 0
0x2464225C5Cc10D1f017EB0c40DCcB0E692B5b575 3025999999 30000000 0
0x2526FeACD8dAc4B56aA670EaF6a2CD0f44Dd14D2 502000000 21000000 0
0x25Ce5AD43e016b77cCa2061B3457CEE87be1e8A7 500530000 25000000 0
0x25E9213C916f48D0E04365A8515D039FCBb57126 298519999 30000000 0
0x268E3A8E54Afe55C768Fa0142A149A160EDd7a43 503000000 30000000 0
0x25fAa8a17F6B1ec8D85fE52d06CbD083c5D0FE84 615549999 30000000 0
0x26Edf3bB1877951a715a1B72a04fFA985620ECea 300959999 20000000 0
0x272e79c3B13464308B93D2DAD10D4DD1AEc77Dc7 540000000 30000000 0
0x27a271b2A0C4Dd653D417c0d53a9a8661A0dc2F6 999999999 20000000 0
0x2800d7F931A1C12a7cf5b1F7B9AE497D63Dd1559 500000000 17000000 0
0x28fD136f5F3f45Ea20CFe0d7FEFEF8BEA2276cf0 500000000 20000000 0
0x29c31871c327Af0984469032Afe3340873ad4b75 1487110000 30000000 0
0x2A27bEf7089aC099dc8b8099670A27E65D22BF9C 2000000000 30000000 0
0x29caF9bADf63F7Ae7b0b4b856a4835315dbe6844 251159999 30000000 0
0x2B5650e8BD12F1df5ac15c3613949dC4Df6E8735 2122740000 30000000 0
0x2C8ad759B11Ea96bef43c2c2113E598C0265eBce 500260000 30000000 0
0x2B77aFc4b79ED9e7b4C51623E79bF6bDC2712568 549999999 20000000 0
0x2D266A0f7D3a8Ddea6D538919F6Df11cA8916Fb5 250999999 10000000 0
0x2DE10B4199a1cBC8587117c8776160B16bb31E49 3053129999 26000000 0
0x2DFa70A9Cd184673a7e506948e0A4C6E6653FC19 251859999 17000000 0
0x2E27a0fD1fd12d251F50255d50b3de90454B8529 4195529999 30000000 0
0x2a459d76D7Eeb299D939E17a295D6016F53b8f93 749999999 25000000 0
0x2a62a7cd228ed180169FE9894717E8c49198A6F2 7057699998 30000000 0
0x2a8fA7e67FE1857D6F50a4A4dAD6D552DEf32681 1200000000 30000000 0
0x2aA937FB3547b8Eb867F1a32e4Aa66Cc45997020 1341110000 20000000 0
0x2aF0AcE73a238Fb7A63475fFEf6d6F7C44148ACb 254000000 20000000 0
0x2aFE2c6b1f2Bd735d287824E72f6f0c0dd753a3b 2000220000 30000000 0
0x2b4b858dA41aBa21C7D6ca60f1ACa02Cf2f48b31 499999999 15000000 0
0x2b9798745734E81C3060871045F8c7a3c8Eb2caB 262160000 20000000 0
0x2bdDD5d899534A958fbeE7a819D05A12F1d340d9 502010000 10000000 0
0x2d340351Aa0f1DD2B8e1929EdB4fa328Ec261a6b 999999999 30000000 0
0x2d4Dabf1c891b88cC9E669171267E55E99d8103d 300000000 30000000 0
0x2dFc0E49739Df00C3575896ee1c956F5E7A9246C 449999999 30000000 0
0x2eC95b6d40882b1C8d06D03D88f89024e9c2e21e 522000000 10000000 0
0x3001535F4fe775c59D5AC8428ba08e2049ed45Eb 599999998 25000000 0
0x3034c9c82F79d6881a8B65f00b04F31fCfc47407 300000000 30000000 0
0x3048110298CE01d5A0AeED1e880e2680A2B7371F 961890000 30000000 0
0x3057eDE4416B594741f6efd5Fb9C5b5BF6E993Cb 1804869999 27000000 0
0x31334C8A318231B5128b22B1C11eE5cB460ab1Ed 253000000 20000000 0
0x3161Aa2401C4025F70eE1346A78F7AfAa3A48Af3 299999999 30000000 0
0x319E6a37BdbD30be7e9190B655D787DEf2D85309 300000000 10000000 0
0x31B046d3628314a022135187Ba6DA0D668D80101 299999999 30000000 0
0x31F93EA423cf2E59bc96c06d4b131a8cc9FA9eC4 300500000 20000000 0
0x31bc063725E521e36fEF8B725C221e4716c86758 3000850000 30000000 0
0x32BC4FEd8405dD3e75151e6E169b601D1C01639d 764120000 30000000 0
0x32E03AB908d7013105E2556C58a9825696cA45C4 250790000 30000000 0
0x32Fcc094D5C1D4EC55f18aca3f7D773D6B1E6E4d 1399999999 10000000 0
0x3337e6F905F47EEff57D6f18Bb4aeB71a7E1f601 354170000 30000000 0
0x336F85B5cCC5B48fb83adC143b1Bbde08E17F3aE 507849999 30000000 0
0x33C8867d07176Ed49723e4e7A87Ce6eF8CD09197 4254514700 30000000 0
0x33E661166fd8C17586828a1368F3b0811C62cF45 566149999 30000000 0
0x33b1Cfaba02Eb4B01810774443A9C2F47A28c5eE 499999999 30000000 0
0x33e8c8CF11Bc0807a3e8f0776c62D661372F4026 495509999 26000000 0
0x34bd5c28D3dF07532b2467611C2F91d19fa2FB62 502960000 20000000 0
0x34d8BaD8b1e84287f9a99FD0162787C065F2422d 2234349999 30000000 0
0x357abb6239C47937edDcfd48912D801D7A8E86CB 506689999 30000000 0
0x357E6636419FfECAb159A5969752426698eB97B2 899999999 30000000 0
0x35D6505323F8657BbfA70dAc710Bd21eC71F94E9 499499999 20000000 0
0x364482A404171B8135DF6E3FA6AfDcAd973E9661 2500000000 21000000 0
0x36B7D28e14354104F18C08aaE1d963c3758c4980 4302999999 20000000 0
0x37C6B8503551a925C43683008E8F849Fa178BAC7 2449000000 20000000 0
0x3779679695bF963A24F10D5B17B34D5E8cCFf9C6 522860000 30000000 0
0x37D076027EEB4A464AFb1fbCF54605F5589Cf7bB 800000000 27000000 0
0x38FE78B464761B99402D29Bb9c86568E9e6DF7E5 9329709999 30000000 0
0x3934D981a66E4BFD0F82EF99C9F405767f1cCfBD 1912309999 30000000 0
0x39f8F1d7b4aC6087eE65445355cfbc95Da62cb54 749999999 30000000 0
0x3Ac55670858a6f05815b70D415daFB382c93a90c 1999999999 20000000 0
0x3B3864780de633f5479f50F65D6F75De1Fc9c99A 1505260000 30000000 0
0x3C6655112969E41548865CC8e3915a10efEc88CB 4531559999 30000000 0
0x3C6386e7ED61c5e0AFCA304CC8a6eD0F349F7EEF 10000000000 25000000 0
0x3D300C65d9777C46Bb63A7A8526b6D23561D1e38 999999999 30000000 0
0x3E904FC8d4838d223E37Bc0327613839A57ff9b0 788240000 30000000 0
0x3E69Be42dA97D3B0A6fcca9897E943dd052F7A86 999999999 30000000 0
0x3F21822574B1cE0BCD64DDC649dF88be5e3A4DFA 259999999 30000000 0
0x3a49024555530cD9c0D1607A31F5eb05ED70dD17 699389999 30000000 0
0x3b2ED53bceA3063Ae83404F55c19da7f6F013F09 529999999 30000000 0
0x3c9c2564F9EB68DC866721a8FF12825c9c0AB135 578999999 30000000 0
0x3cF8f0639B508ff77A03Abd3bd64dc12D5A7A34f 551950000 30000000 0
0x3b2F4006D02EBB21d7c9c85D91d125C9b251EA50 1000999999 30000000 0
0x3fC5eec5E38130B2F80fAc354e0B67D083b43335 1195340000 30000000 0
0x4028f7eC025b8Fd7c09C30C19dEa77C0f1aEf93d 1834719999 30000000 0
0x403BB2721037C4C929ddcD917B631cED3B5fb4EC 503000000 30000000 0
0x4105960055885de4898a90f6970Bf0928643D5C6 449999999 10000000 0
0x419e98cAe40DB7504A9366753a6e25a5046470a1 5489999999 30000000 0
0x424376BAe002ea73D4F92B5A3f10369bf6dF74c8 509359999 30000000 0
0x43578b59F18e76eaB6ffC57f679a966747d80076 262970000 20000000 0
0x42dA8cA85e4E178aF48E7518978cBAEB1fBd0d87 2019999999 25000000 0
0x437493d7Cb4B6cD20fe502399B9ad7bCbb9a83FE 4255000000 17000000 0
0x43cebE05a4c748a99Dc47DFf33EF53E5EB75CAEc 523179999 30000000 0
0x4409eAe77d69c2893BeF98B226144a376389922B 708499999 20000000 0
0x440a73C76E032D8154246a0D7403AAA9E438DB8b 600000000 20000000 0
0x44341CA3Bd366b2894468d287A3642C7Dbb81e60 259999999 30000000 0
0x4493c6B2C5025Ce0875a28C8d03b3A0F01F49D59 1000000000 10000000 0
0x44fB3BEbA3590e66f8B71d19F4582FF37425c3B8 1199999999 30000000 0
0x446AA060DFCaa895f166A9E84c43d955a9886a0d 499999999 20000000 0
0x44F6c8F8C47096A4b2be82C996A6A5E2273ffd6C 1603129999 30000000 0
0x4524075c8fE1c716E3D06AFEAB95C169D7820032 428539999 14000000 0
0x453d3573Adc6a3eA0D295de3A9cd74c455C5EbEe 5710180000 30000000 0
0x45511Fce841b6D4Ee3c8F97355a4c37f0412E24c 303379999 25000000 0
0x45cba3b9b5662D8E86f90cFd69F36823147ecA45 506040000 28000000 0
0x467a3E952a3d3C2F73169Cc0446F2ed833cc5C33 999999999 23000000 0
0x46915d0edFb2b0cA6164e645A4abAe5c317F57B4 3000060000 25000000 0
0x46d90489f68e4B724B28392f23013996a012c1C5 500000000 30000000 0
0x470Bb9F01dC93C73e51a01ef3aE4554Cec49bdBB 598169999 24000000 0
0x4723e2907E42088dEA70a013A0b37b0ef3AAbB0B 2001240000 20000000 0
0x475aaD6032F8c8FDaB4a1d1433A36ffD110E82D2 685410000 20000000 0
0x49EB4A31Cdec5Ede4EA7675bF3964daD248ec3B2 250859999 22000000 0
0x483e3583854E9A16d3412AE3cC3102cDbF2A7D15 899999999 30000000 0
0x4AAA2c30f8094e534280778735E2CD17E3C3D031 4999999999 30000000 0
0x49fD56971Ad196268FB26d9a46D6E2F3efA9ee9e 2011000000 30000000 0
0x4B9FB6bAE66adF9bED02a27E8adAb275cE9201f1 544609999 30000000 0
0x4Ad91d27926FBC0eEDDA0504ca053278B8b75f9A 550999999 30000000 0
0x4AF56fD53ECdE6D1B7E6E171213a06E2969aFEb2 1099999999 27000000 0
0x4CB6bdD49372E998b1DbFaB47ad78Bfa9d15CaD1 499999999 20000000 0
0x4D4870AA9Cec337596C015Ec17Ded5E3f0723A51 501000000 30000000 0
0x4ECeACD7fc26372dbfF0209f81dBE9D6daAf5c11 1447370000 30000000 0
0x4F666C9E379aF3aC168976c42dC2FAd028372083 1000869999 30000000 0
0x4Ff1823028E52266a148BD7F87B5E6bd3A13B071 999999999 30000000 0
0x4babe97B39018eF602f894D825dB7Dc0101ec6B8 10250000000 21000000 0
0x4cBD44aF34B78454309ffb8AB78123d536d8F9AF 5000500000 30000000 0
0x4baBd64315e2eB23b4ec09b69CfECA01606990f4 693999999 30000000 0
0x4bFef19230d7fE1A1D6A1c3AA72B48841c95c234 300000000 20000000 0
0x4cEcE1bc6D592c02C9e6fE0464842B4849119288 1347580000 30000000 0
0x4d16291C1b676F505ee5B79DCb955D8Ba73ba8C8 300329999 10000000 0
0x4dBA7449fBC8CBb76a3552BeedC4ec74314b69E3 5000000000 30000000 0
0x505aF8517199781Bf0421Db0C086aebA332e2cFa 2000000000 20000000 0
0x50487F98B94e2A303A003B18249ce8C27f088ef5 300860000 30000000 0
0x4fcCC4cbE18db8190b09f2b31deC398E5D236B8A 4000999999 30000000 0
0x4f335ec576FC8e7b0072F695693AC65782Bdc9DB 751529999 28000000 0
0x50430c074F8624EEBD78ab13c6D3c18Ff9857AcB 500000000 30000000 0
0x50Fb487E36C769066bCBE3612bA3F82fCB73b94F 799999999 21000000 0
0x508664AE4C733b7fc70ad57b58661bB3097A2467 251000000 30000000 0
0x5106db2372BDBC03a266b34d4D0D2b64cb7C7EE2 1252999997 30000000 0
0x54875bd23B33f46b7502420730b102539bb905F2 999999999 20000000 0
0x555a3E5599304d26ad85E4Cf50615001F2Cf0d31 254670000 25000000 0
0x548719fBA49B4aF6ea1FB5AB7e806A934E408f5E 3434289999 30000000 0
0x543bD6E7B73197F6CAB9b82376E24eadf770b73d 1036599999 30000000 0
0x553f1B3a739fc3c1E3ce66d7Bbd317c275F0aeFE 4999999999 20000000 0
0x55845AccEdEF1FD494CD6c307f8660b35ED3131b 300000000 29000000 0
0x559620cdE492d431bf2Aa81bB7113fD1590b422C 5288000000 22000000 0
0x55B8be0d6D325Ab09AFd0dbfE3D5F420024d1095 290000000 30000000 0
0x567F86E6ca46dFc0CC024B6ddAb1CB66807C1653 549090000 20000000 0
0x57E2c115c2EFc6a7BE1f2Ba3979dF6B52eAA7bb7 299000000 30000000 0
0x565792089b634be6e021e6CD494896b55e3DC03B 999999999 25000000 0
0x562aDCDCf5fEfA4ABaBA8d634125B20Ef643beC1 10729249998 30000000 0
0x560fb2dDcD982Ddb09Ca91c1d35153553FF29428 1500000000 30000000 0
0x59a5a652727B37a81e53DA8c224228Bd08Ce8291 259550000 20000000 0
0x5839ccB4D445834A1011A6B87Ddb88D6c523f31f 2250999999 30000000 0
0x59a66B172787A3f0EDdf7d564E2B9a41fDd146b8 260859999 30000000 0
0x5A051b1b964350aE4121938B917A13d6576a491A 1995999999 30000000 0
0x5B1F0d363562f0552cf06A55Ac57933D928F8847 1500000000 30000000 0
0x5B425E1544f01b6afFF431F50ca7bf3D19b27055 1329789999 30000000 0
0x5A53676B3268920fC110e7d0010C8a97E827716B 701540000 20000000 0
0x5A17B52E3cFFff670F12de430b65abf55650F64e 6000000000 20000000 0
0x5A197c816aEea9E33f0736Ced248FA2f7cD64Ff7 998999999 21000000 0
0x5C468F70bed11926A82Db37f21170adAba83A5F4 251819999 30000000 0
0x5E283ee8b14E142dc34D61510Ba5d3C43Af9C50a 3000000000 30000000 0
0x5E31B02a4779EA83676DB52CAca588639847044b 1530580000 30000000 0
0x5a6e0407a4A816E49bC14A8DCfFB73AEcFe8c99D 3999600000 30000000 0
0x5a7E5D413f5c7801Da89Fe780417134Dba13f058 1259859999 30000000 0
0x5b7D41e6bbba99ABC14172dD51F7De94c5c2a961 10149920000 30000000 0
0x5c5297b8eED75BDfc28CC0303018bCE649Da3842 2375424000 30000000 0
0x5d540f8d004AbFE6f728247d062857FF7d9f477c 252000000 20000000 0
0x5cEB11AA039384404ed70224A6312Cb101f10Eb8 2815999999 20000000 0
0x5d68346c28386c393686D04eCC408bB459a47aD1 600800000 30000000 0
0x60A0A0977242d2514BFA9696EE346308d077AB38 499859999 10000000 0
0x60AfeF4741749Ee320F5ba638570D7b1F17C8C83 999999999 13000000 0
0x61d85A78269f538DAB42a8C63F90e809D8E2AF58 3500000000 20000000 0
0x61C91594c853148AC7a408b1CD0f53D4169D0d48 298999999 30000000 0
0x6234805771Cf57590158B65e7731C6DC7e88d2Ff 899999999 30000000 0
0x61f41fbbC871822898Aa252bf61930D608511C5E 999999999 14000000 0
0x62b7667CD94B76F575c64EaCB2EFD6A234e61283 2435000000 30000000 0
0x6395248d45eDf532D4E66609D2EEdC1f502fE249 1001960000 30000000 0
0x636b6b2AFB95514A884d8e916F6Cfa95dd8D52Ca 599470000 30000000 0
0x63D014886F5241e35574e9Dc55dde65B09755c6A 1199899999 30000000 0
0x644011F52f5cc3d5eB4079F81ECd9C9A48e9D473 1000999999 20000000 0
0x63c4b9aa708fA4DCA9b09E74CfE36608520E0a99 480960000 23000000 0
0x63F56b31d5266274C0D6A8aD3C15A9D526fAd6C4 2322150000 30000000 0
0x64DbbCdc891B91A022ca7e5F35F8D5A0B84ABECd 758979999 26000000 0
0x64Fd80a937BD35dFB4c2b2386C63C71a902d506B 1149999999 30000000 0
0x65227f2D62c2e71f3A44411559342A0e2c30Ed16 1000180000 30000000 0
0x64c934daB3298af65aD59B9804A329390ce32f0C 499999999 20000000 0
0x653B9827fd38BB6b6e0562f94030C46342686044 1025580000 30000000 0
0x65C9dEdB4A730F7FC428Ff4eE1aADE9A487BdD3C 999999999 20000000 0
0x66007079aCbebB3Fb5261B4ED0818f4c0542Aa5A 255000000 30000000 0
0x65FF0a5Fc2398e3F9107246438C4b3F8281b2921 500190000 16000000 0
0x66E9f415138619E51AbE50fd9830773398A9669D 315000000 30000000 0
0x658c38dAb6e7345790f066BdB76B48f7B3F1067D 649289999 30000000 0
0x66b91b7Cd979eF8f541e00EA0Db1e2b27aA5c0db 500799999 20000000 0
0x670201f07724bB4b9a5b8aE118e58EAEcfD9F503 501839999 21000000 0
0x675b303136df42E45886D5EC80A10790E026a8b0 500799999 20000000 0
0x689Ea8F59FD8036B51714996e323eEAf82fC90CB 1055819999 30000000 0
0x67e34192c40A5E6fd7be3037c6dcdbC3DF817a65 499999999 30000000 0
0x684c741B595ED00799bfC8CD2Bc912f8e81B96a4 5122240000 27000000 0
0x67Ac347Ebe4b8126F5F40150e072a19ef628127e 699800000 20000000 0
0x681567fC4e68d03fe94D3816B65AD8c08d2625ba 900999999 20000000 0
0x695Ea479622639C61dD7474E39D70E847561CD22 546390000 20000000 0
0x6A27aEa4ab969875e175Ad7100e0CdDa5324F36E 1000000000 22000000 0
0x69B624370c13C275747f829284EA2e3c13930b90 429999999 21000000 0
0x6AAAFb4d548338a9D4795921F557329Be3395a67 1012559999 30000000 0
0x6B2aF11899cAb936e22d8c80c17B8d594CF8EaAf 700799999 21000000 0
0x6B0404a6476e2D707050a80ecC051435e3e7A742 4002199999 30000000 0
0x6BB2b29c68EB645eebe11545FbbE0E95e69d205d 852399999 30000000 0
0x6BD452D6cb262DD10c5772C8f3e7E4766Fabf151 649999999 20000000 0
0x6a193353CF1F655269fa55F2fF5039184436A857 1750159998 30000000 0
0x6E0A786F717fD84e864D83B084E06b4b66fa44C6 599899999 15000000 0
0x6C03a3A6a49C6e7262759aC20774Fa1446883A32 549999999 10000000 0
0x6e0F6424e81e2Fe0e783CFEd34D552b01e921262 5523000000 30000000 0
0x6ea38aD5C1954ffC8dBb41662E4866D41c9f47f2 2400000000 30000000 0
0x6e9D20879C82184AEc9f3191596EEf6708ab9422 349900000 30000000 0
0x6fbEB648BbD08F59A225B034026F73Dff9DaD1C6 420759999 12000000 0
0x6f2CFf9FdcC3399Bf619d0f96dE0A9Ea3E7F30a1 252000000 30000000 0
0x703B4dfDd7A7D1a38CAc7f532579770118147C23 250890000 30000000 0
0x708857E718191B19de1bAD9A0A7a8a5AD94144d0 617959999 30000000 0
0x7085e5a8601C36d2DF41De27DD8927497309d46f 5000000000 15000000 0
0x707d9ef3ef7a6417A9640637CF3DB2C5ea0710C3 460320000 20000000 0
0x70AC845f627Ec3835dF2DC4f4da5e0Ca1F91A057 1001000000 30000000 0
0x709572B6C45759B8D1ac7fbfBA79ab9b6ce08bC0 1099999999 30000000 0
0x71029EF9E92b3e7d6E5EE15Dc374a704b97fcFd5 251830000 11000000 0
0x7117579455C472D42Fb3a14c43aa5B0b8E0cF591 255070000 20000000 0
0x71243EFe777eE5D55eEA68bBd98b27506Bdc36A8 699149999 30000000 0
0x723F39De7B33140539c49C80664E8E1dfda8d958 257409999 20000000 0
0x71F51C64110709880260610EA8C411A28c067739 599999999 30000000 0
0x72B1aE83c634d064f64662D44229dA4132B7C76F 2250739999 30000000 0
0x7305a87B5cDC9fDF632aD435F660D65028dDb575 2024060000 20000000 0
0x74046392a33a6aCeD83C1b37E69FDb155e567ff9 49999999999 10000000 0
0x72a09ad4c413AF01ee1eB260Ea00cF0Bc00739F6 1306849999 30000000 0
0x7318628A5FaB1Eb44B9548Badcb6341483794190 261369999 30000000 0
0x74420d7eBDC8ac832B93f3688f50c3dD273f3c3f 999999999 30000000 0
0x746d09105a12D1Ca97BC631c43C29CCAe6510C9f 470000000 30000000 0
0x74E3947F9dEB87Ba2f6Cc9ACc292Bf5714AEC4f1 319999999 30000000 0
0x74C5eBb4a3fC3B685d212d977F429941F262b27c 1440239999 17000000 0
0x770e70c37053300791F6f9D59e03D29527943A67 2348619998 30000000 0
0x7630cc5D76D92c2B678B8C94b015F1c0D3bB5022 1499800000 30000000 0
0x763d31F647139A605712121E19E02764c65B261E 539890000 30000000 0
0x765314EEEb36FbF14DBd039f2dBC37E1bCE39258 1050999998 30000000 0
0x79D4D07E8372EB28949aEBAddD3B6d79AbA923CC 3000819999 30000000 0
0x77EC7B450569e19F0954129A522CF85D620C0d59 850600000 30000000 0
0x7760363384dCc4Df92843C5aB764c94B2679b08C 451300000 25000000 0
0x78B777fCba42cCc9B4FCF09a658a51Fb7d826C31 503450000 30000000 0
0x79E4fCE7711b584E71C8dEc60860aeFc01A779D0 1971999999 30000000 0
0x79cb691b4922f4838727205C5Df8131dAFbf4dbA 259999999 30000000 0
0x7B4E446cBbEd4b7992484178d0b41023e466DC0E 1750000000 30000000 0
0x7A04605FC8ad994B21957DA7a8846F88cB18CaEd 1005800000 22000000 0
0x7D5CcA5F1920c7df8467Dd7A9c6B0c0a965Cf306 499999999 30000000 0
0x7D42148aaF944F973861294926F76aE2005aE01A 605859999 29000000 0
0x7F9e3D3D0ee6Dc61d01f6A72FCbc7326d3e51be3 398979999 30000000 0
0x7C919d4fcCB08DcaA670880c83e8169F3663f090 412999999 30000000 0
0x7FbcFb09262f854e6b4596FDc940c2c9a453Ddb7 3281879999 30000000 0
0x7bEe324303475E8e8B9ab76659eEd2b81897Af64 601000000 27000000 0
0x7c36b55E3b260A89ab5Dda6096ae0175658412cb 500200000 29000000 0
0x7beC2295Ace9e27D759f8f3E836814D1f72e7b64 499999999 30000000 0
0x7eeB32451a0e6001d111b93A98F6C6A84F998632 868999999 30000000 0
0x7e6071bb0E16B1FB28e1957b861B26117E56cC3F 999999999 25000000 0
0x7f28Ad5b86BA64F7fa53BcB7670D669144bc5E09 498500000 30000000 0
0x80a200766968B7edd171640C66195A717E74057C 1001719999 30000000 0
0x80bed4FF87B188961338e2817Bd3B02B1Ff5682b 1017399999 20000000 0
0x8226cf4B68E19CC1a88A2456B32c7371C845c238 3222070000 30000000 0
0x824742Bf0F62e6e843b375F9da8ee64C22b7a22A 449999999 20000000 0
0x827dCd4CfC651e4a658B58a5Ce7545Dd76A3aD96 303000000 23000000 0
0x83f2fc1946BcE145751318546500102F565387bc 431999999 30000000 0
0x8379748e7079e8309b955726a7D146d4239ddB28 252350000 30000000 0
0x84604923E40334EDa04Ac398036ae6e53bd7B65A 5100000000 30000000 0
0x84D667DD7d074e96Ed3f5145bE1653cf1c8F1F27 912989999 30000000 0
0x84e6E427Bd53487Ebc7bBa18c812A024B2bf0400 500850000 30000000 0
0x85093B7D8185A38d9b49a2E74F17f7EEc01675E3 349999999 30000000 0
0x8548453d606254000b38e7E86F959Cd428612093 1249999999 30000000 0
0x8516cFEbDe7545ff5F7d0001b71Df9fB68e3130E 1890000000 30000000 0
0x86166daa3FEB9ca033A34Ca8739DE2EA1618cBa7 502999999 30000000 0
0x856EF9bbaf269583DE7B64A762Ef63dE120b50A8 749999999 20000000 0
0x862b09C531158d54742e4B0598D9bA395e4866aB 499999999 25000000 0
0x86A53E26936D49112DF7B354Dd93A95CB1D8cb67 1500000000 30000000 0
0x86a8B35Fe5Edaa744A2d5DA9330813a82c7cC5bC 251000000 30000000 0
0x8749aB07aefED63E3e415865D8bF7E6B78D87b5A 499999999 23000000 0
0x876428C8Bb2F8F34beDCC25712e97765501de118 1002810000 21000000 0
0x87BdfB5FB9e23489aDf9B0e9eee04Bdb65e795FD 301999999 30000000 0
0x87F60A8A35F3Da110bA2Acc8B30dD9c7894D7f0F 1136520000 30000000 0
0x87E220E6fcD80Cabf2A9E1Dc4940dE06AFcc5492 300059999 10000000 0
0x8842Cc427D8b5227DA65d16939c5128905C5f40d 298999999 22000000 0
0x88696A8ceB3465FfA418EDBd1d982277C0746715 2000000000 30000000 0
0x89dbd4Bb60F58C7cfc0900b445cD4A9D7A27a723 500000000 17000000 0
0x886dCa52406b531cdBfA05D2EB9dE2de0287A5FF 798999999 30000000 0
0x8A34d74E45f0e4936Ac2970eF750Aa5ea809606C 600000000 20000000 0
0x8AcbB1fa2FA126F9C13130CAb9D78a92d751e5b9 3951000000 30000000 0
0x8DdE2c811EbdC2f6Cb4E6A02E547712CCa1A8577 2962699999 30000000 0
0x8E5E242c4DbeFD97f9aCfa00117B101587969061 554900000 20000000 0
0x8E72bCAAafba328b17d3167b32E9049C3c946fCc 1039800000 20000000 0
0x8F057B714F256430a96808121597E204a306DcB1 252779999 20000000 0
0x8FeACa3902A8BF71Ed7556324a0D9c88ACa78C7A 260999999 30000000 0
0x8F5E915D1c718E08A49a5880E7611dae9B044022 800299998 30000000 0
0x8a1837eb135699A780Db441a4A05029700b8bEBC 4754999999 30000000 0
0x8a0eebE9BE754Eb13d8cF93d1B728D78865577EA 999000000 30000000 0
0x8a592Ab18cf5e36d4D5E4d848cAe1B69996D6456 763220000 30000000 0
0x8aE0d0F59db2594a3A7565fe7dc565e963e5F621 400000000 20000000 0
0x8b11847D9cc09C33e5538C22f5d68477d46b1175 1049999999 30000000 0
0x8b1Ef01790a9c472Ec014e4810fE65f3Ae846546 250000000 30000000 0
0x8c8354A13eC87DFe76d2D291E3FaC46323f1F2F3 5004999999 30000000 0
0x8b817495a8a9DFb0Ed012952E578f3D1C46A7B78 2000000000 30000000 0
0x8cBf9D4605AB40BcDF74d3A9c3bbAEc6E5c8BC84 300000000 30000000 0
0x8cC6535DE8E3E2fb8ce27d3ADE08c85Eb1A04ACe 547449999 20000000 0
0x8d2736A3bDbDaD7aa72fe0776805d3cf46834DC6 2039999999 15000000 0
0x8dAB2343B1f380081637ebA1470b21B02413A6D0 500300000 20000000 0
0x8f42Fbc3827540d94E77F2CADb01026Bc5CD6729 1999999998 20000000 0
0x8fB762B893e0e757b7Ac426cf1F048a366742E25 505300000 30000000 0
0x8fD0724B69EddA183F513CCFD8754e97c0bC6924 1082260000 30000000 0
0x8faF2B140DbB0F8a5E9b20c5e16cc361Cd1a176f 2376410000 30000000 0
0x905402A70824CDB2F4EC09Fb2E2104baccF1Ac7e 299999999 20000000 0
0x904D5c68933E633607D7d96948B6E043C8A2219d 510000000 30000000 0
0x9134F7d3EF17FE16945c85C611445FEa700f1760 1008440000 30000000 0
0x91398A10e4fC6aB59Ce3998dEe667438270FEFD9 499999999 25000000 0
0x91BdB6b5b8112541ED2ABE0F379AA5cB60FcBBf1 301000000 30000000 0
0x921537A6B6831a8255e91ffa77eDd13D9117D76e 5101120000 30000000 0
0x9284b53e264CABfb861BB665b8094f1dadf40A3d 4850999999 20000000 0
0x92757E7bc04CC00baF904657AD4a7e2f507569cB 839999998 30000000 0
0x9294469a3B69592d0EF894204cA80B510052E8B5 430529999 20000000 0
0x9361C02a2a48D2E18CA7B12b262dc8c71AfFA1FA 3197250000 30000000 0
0x93B36B6cc8c2da184F4eB04A9aE9AA2D570C853f 999999999 20000000 0
0x9429cA4A4965C5598443B0E5eff87cE38ded86E1 992999999 10000000 0
0x93d6fBe57B6C21865a42F143B5bc146BcE26b736 1000999999 28000000 0
0x947e7B752459D0Fc350F8501b285248359B358EC 629999999 30000000 0
0x94f439C33fAF9D6Bb6720FD6963D383d2F428969 501399999 25000000 0
0x9529302B5959DD705c423F23D15a38AB161e591b 260499999 18000000 0
0x956642E471D5DA741b34aBB14d1B74b46583cD80 999999999 30000000 0
0x9580Aa67a22d18A0Fa826771dcC7b4ED7Ea3F4a7 2087399999 30000000 0
0x95b3f0ABD2c9438b1d9F4CA8F684fe8310F25e49 311999999 30000000 0
0x965812D1bEB894899fe4ED508fA4519b97a05DdA 2155999999 30000000 0
0x96A4fE77Db189b0F5Bd38bb0797e87eDF5081d8e 602399999 30000000 0
0x9736d69Df1604db8654fEB1e6FE06170f58b1aDd 250410000 30000000 0
0x97759FFc1A1efCe66CD33f827e236FB93cC79888 1016669999 30000000 0
0x974E38164B58f344098E865E981d8a33697FFB32 250000000 25000000 0
0x97A8296339A76189282c18196c13BaCda465149A 500909999 20000000 0
0x98493160CF7dC30b1F3751Cbc256C7325F00dC27 812000000 20000000 0
0x98564E509700a5A2AB5676ac4f423027C0e3B1Ed 250859999 30000000 0
0x98D008f7bf597C288133F913f5c0285fbD30D20C 1049999999 23000000 0
0x9Bf99aB3acE46581979Cf282Ae803acC4d142390 2249999999 20000000 0
0x9C125c034511eD328d75f8E10620df8B7cBDE556 590000000 30000000 0
0x9C5Cd81c2F62d754588ee5a56Bc80bd5F028d52B 4009799999 30000000 0
0x9C808ac41ca19Df10e9fF9e977B19A0F80c664fF 14499999998 30000000 0
0x9D68b76aA366D06513C1Ed5b982668112a5512c9 650819999 30000000 0
0x9D9b4E1444ad31Ae65B31117F5d1389d03BEa543 254569999 10000000 0
0x9abB77B2D844a228002D64b80F2Bf09f93dc921d 2051900000 30000000 0
0x9d4723A6d112a2f3DC2D3224B04ad0a0D730bF08 508999999 30000000 0
0x9dB44fb2f2d4B645443fada48Cea0899CA1B6640 49999000000 30000000 0
0x9e433252D040fE68bb25FF1FEB556a0Ec28B3a87 1244279999 30000000 0
0x9e6C368F7c83cBC15F8B76eb5De0B088511064a0 2003829999 30000000 0
0x9f10BF1Bfc3A5430885afbf4D6463A4f36738E95 500999999 24000000 0
0xA1DB7FFe85ED54EBf3D5754fFB97818E7E204F1f 950000000 20000000 0
0xA0212AA323BCbd8e260eff423ED3EC0b762e6F8c 899999999 30000000 0
0xA20E11dBF21a524fEb2Aa769a59f16ECF188D624 1032720000 20000000 0
0xA79F52AfbD8A4b1289924a9d4293d46b875187A5 500029999 10000000 0
0xA68033a2A9814A735d0BD8341C97b9625f1c8902 501499999 30000000 0
0xA811c306557370B90Cf92F207d94ab43D0FaF013 999999999 20000000 0
0xA8846C20dc1BeeDB3aFbB948841d4E2bD2378E24 668050000 30000000 0
0xACa413def232C4b5CfD02727c3cf79e628aeC687 1001139999 30000000 0
0xAbd5629AA0DA8475147e25ED5D103dF0c3e90A01 251679999 20000000 0
0xAD5147bD6e123447227aB0C737B505D864AB096A 4761059999 30000000 0
0xAdE62B3B77fBC8f25c6a95C1999220455C2C742e 1334000000 30000000 0
0xB0d7741F5AcfCB4eEA78820C789D237640A4e586 499999999 20000000 0
0xAf22b71C2b2C15B5837ac3Cc2Bc3f51235250Dce 253379999 20000000 0
0xB1fCf1587A45319FaF2718209FdFbE07eea8eD27 1204999999 10000000 0
0xB20B9aa95E16605435EdfD7496aB549f2d4632b2 1401999999 30000000 0
0xB2a2D60D045159640F37bE41A8B8f6146E4bC4dC 999999999 12000000 0
0xB3606cb41c24D101980B6dADaCe591115d4BBC85 1199999999 30000000 0
0xB332F121C13FE65B80B53453BD1c925a6677adde 6050480000 30000000 0
0xB4606A725e1ab7fD37b2e69957d701d3Ef5fEdd0 921000000 30000000 0
0xB4e324f396255Fe055d40DbD25842BC96fc513fe 450170000 30000000 0
0xB48aAC31d696B2AefDFA1D49025c0Fcb72495e29 1484839999 30000000 0
0xB56ba08e1d21A6424787dA793126CD3A9272A34E 869999999 21000000 0
0xB5ee0d379BeDDd0DB5Dc6bC76EF36B2B33cf23e9 1117390000 25000000 0
0xB6df88d10a4b4043644cdE7f4a94Faa93EEAC25A 649999999 30000000 0
0xB7C45De38EfA80BdD74573c09e75699c50840ABb 500000000 30000000 0
0xB7d5a8fa9c7eDE8Aa32Da1aa329D7d3AD5359812 1201019999 30000000 0
0xB89c948e193F405067c6E380d2aA59387C28421F 1000000000 17000000 0
0xB97A9d24C93a74163E4ddca8fbb4b01490Ffb4B3 300859999 25000000 0
0xB9b9fEB2DDc23b2D922834e62155B4451AF4a972 5000999999 30000000 0
0xBAB6Ec471efb4A44349C90C7E7C6369cb01Ab718 600999999 20000000 0
0xBB3c2889063d5E5F12d3c969D3cD37F139a2b718 18314519999 30000000 0
0xBD9A14c76F592b26480BE7A24bCC4e8EF0F62F16 260049999 30000000 0
0xBE74161AcF4Df78B69dd2B14A2eDd0d17C9965CB 1029999999 20000000 0
0xBDaF41E78583C25cC56429E2454C2Cae8c8CcE85 1355000000 30000000 0
0xBabbAb46D33d4C24474B83c484228D3b618b30F0 2250999999 30000000 0
0xC4B8C57277aC4a2a681ce84B04e0CDe9B5de6F20 1000000000 30000000 0
0xC17b61a8bFB47734200f7E068CaABE4085128a16 600000000 30000000 0
0xC8f51399b00e53c46FdD705f0088B9Ae792CA506 399999999 30000000 0
0xC7c69E18BC1A1cc29dA1f85084BF9d25d2584848 314999999 30000000 0
0xC8e8431D2a350Cb87be6124c8f7ebA9C6bfEd17F 1007000000 30000000 0
0xC9dD69425DDCf1084A2c1918A5FcD2592173FD8f 3430680000 30000000 0
0xC93628E7776Eb37c56c916437A8E46256a23fEdB 255839999 20000000 0
0xCAc1c83543d583A195ba976e5227C39C0719069e 999999999 30000000 0
0xCE19b1601986eC9c71fDF1f5f3ac9773e61499F9 1300999999 30000000 0
0xCa1C7e716002394e39EA8FBbD7b310287b3bc58E 750980000 30000000 0
0xCa42442258b9E9994Ec9EDe50b70bf1b3bAA491E 899999999 30000000 0
0xCab8B5F289Bf3422Fa923d8585FB6723B301Cf74 1503950000 20000000 0
0xCb097b5771fE96ab5c01a58bBA54A99dB7E05F10 509999999 10000000 0
0xCf8D296A0ccB2Fd621f9a77c4f793268433De50B 5524000000 30000000 0
0xCe74f266B0D27087cec036CAbbC5B72d06FFb126 597999999 12000000 0
0xD0b7fFcFEB088fd475Fe951930f54Ce45BBa37ce 585999999 30000000 0
0xD219D4EE486a13b00feA12F9328AB70891Fce11C 1514620000 30000000 0
0xD25C7117Eb04337DbC84c06522A70A35B8cC30CE 501720000 20000000 0
0xD2808024a1b5539c11B006A1B6eC6450A1CCeA6b 508660000 26000000 0
0xD307CBFd889f119d4F6b6b6bfcCBCd9FB43bF609 404000000 20000000 0
0xD400972B3486a2eD2E740D4d4429685743e6B0ad 814660000 30000000 0
0xD46555e7579288eafE9c56aE4F4d705DA16D249e 525760000 30000000 0
0xD59D58328A02f49D31b41a211e83675E9791A45f 1776470000 30000000 0
0xD59D482c51438c5c60089D1D5973e0739232d30e 501750000 30000000 0
0xD60EbDb4913486fBe596793380BD44b297f25D44 3999999999 21000000 0
0xD76b72F9D71680275681CaC012E76224B91C7C57 252000000 20000000 0
0xD7FE7CdEeDe1C27124040175d0EACBBC05cBe6c9 646999999 30000000 0
0xD8511CedBf108a50fDf429A08e55E49356890169 1250999999 30000000 0
0xD864b5b477fD0993ACE409E372330e485B940fA3 578829999 30000000 0
0xD8d40db6aEC1076BA046dEa44ed6428cEc5f99d3 254869999 20000000 0
0xD939c6f7B8F2e830111Aa61a591EE94A0FB7f1c6 299999999 25000000 0
0xD97eC4a7620a989Cd1f498831202230Db3E076ac 504530000 30000000 0
0xDA5889d6e8c02E722E25fBE6C0cb9F487eC6AeC8 654899999 30000000 0
0xDD07DF7bB27259231f4b57C970c72380D7389eA6 250000000 20000000 0
0xDE46eAE75455ccE824189Cc7dC46DDBdc4085dF5 698800000 30000000 0
0xDb586C31be3531C19496d3dB3Ba781151E307670 381549999 15000000 0
0xDb7b25763AE63d5C1d45eA11657F8df7D8AE9bca 702520000 20000000 0
0xDb9c71c464FF6943C52c1456753E9B3143afb84c 503920000 20000000 0
0xDc98598Cf9418557FcA7adf558350552a92CE53e 504869999 30000000 0
0xDf05f34ea9Df6638CFC020762Ca8418e6636B86e 1254620000 30000000 0
0xE07dAE62455571d11E88ba83C2Bc934e8cd9BD51 996999998 20000000 0
0xE0Cf89379355F5676102F7a1462a9E74362d46b7 1399000000 30000000 0
0xE24A1c363595090551391e2AFb588F9dF6957aDd 889000000 30000000 0
0xE3343d959B5a2c3Dcd94a50cD71135A3e9fEFc5F 500000000 15000000 0
0xE695607378b109a18672B2d5375aF3cB48103D7c 2598550000 10000000 0
0xE3923ddEBfa124500Dc463735930cE25bFBB5628 304999999 29000000 0
0xE6deADE40Afe4Acc33EB4de6C07D8ba05e5eFACb 3000170000 30000000 0
0xE795628Fc899b91b771F276df498d91CE7995720 1499999999 25000000 0
0xE7c2D7fF2220d0D83009E8c7ae1A2A9191d5C77D 5251440000 30000000 0
0xE8277F8bc6B4D0eF0615Cb14688388FE92aB5523 920000000 24000000 0
0xE894d327d3F9a4C8ffA8aDE3d010fa8179a81E77 399999999 30000000 0
0xED5aD7010b267d731ff32FC1353d1D5307c32c60 504999999 30000000 0
0xE9A9348Eae04E2af2c5d440d08cfBCe82Bfe3556 498999999 30000000 0
0xE8891ecbc5Ed30A572961520166171B730DbC33d 520999999 30000000 0
0xEDAFa314004e1D9174c9B78F82226ecbFD5951aF 1250140000 30000000 0
0xEf18A66fC412b2e2ba3A83f57E29F83b3c9c7344 251000000 30000000 0
0xEf21f8c5AC1FA7bc0cF9431b721Fc2CA6a9fEDC2 255380000 20000000 0
0xF1B95C863819b29D48128bCB77839E6EC91c1952 503059999 16000000 0
0xF31a21FE9a0f58516b260d8f23b1102eca6d814C 500049999 22000000 0
0xF4B3F771a397A822C13fa7b90335AB76b0CEbF20 1000379999 30000000 0
0xF57119364538b345eabF07c54bdfdB64Bd99c9e3 1199999998 23000000 0
0xF4c5d74d36356d114e4C245b7Ec1a88faAD77d3C 520189999 27000000 0
0xF59E3C0692f9200Ef0d1ecBC22fb0677b086A62B 800000000 20000000 0
0xF50611b2D37879c61efEd12B98247b6D938493b0 300999999 22000000 0
0xF69b4D29000Fa63849B76f93f826400AaB06145C 6010375648 30000000 0
0xF6708dc4245f7b4F7C80f7CBaaEd654bdC2DF694 681840000 30000000 0
0xF9214e3F32dAaF65f7b2321d9A2c3Ecb4b2E9731 1004999999 30000000 0
0xF95A86005BC440Ea63e1C57E5428A30bF2C67FB6 349999999 25000000 0
0xFFE364B44Ace10f005ec8cd07b78De8904aca0F1 529999999 25000000 0
0xF9A666C16a05b35a9FD7D55B63A061Bd04CEa98e 650999999 20000000 0
0xFC2E469957A671f803aa4351b723A5752ecEAB62 1469999999 30000000 0
0xFa4a38B74c258Ab7469bf04AB41bA25910491F6F 499999999 20000000 0
0xFc84007e947FABB2c77Eb2fDEC55c0FFF55aA942 1015799999 30000000 0
0xFbc42e3f8F2a06697b42580B19812e7bf64C42Db 1499999999 20000000 0
0xFd5f160513373636d38F0237F44C1cE6A9a4d47a 259999999 20000000 0
0xa005EaEDD5e8fA6bF9e86d37fdd92B0c759e9d44 304500000 20000000 0
0xFcC50e02999CD26659BBaE72332FAE2A62a994EC 999999999 30000000 0
0xFdB3a148993974ED5156EC653477F7334D605845 1334999999 20000000 0
0xFff4012Cfbc3C3261D396786fa084EE4b8c44408 500000000 20000000 0
0xa4CfCBC5807b56519fA62D9de0161c8c65AD9A2a 349999999 16000000 0
0xa0D5CcAcd634AE8dc9Dcf7dc0588Fba1df58DE31 500859999 30000000 0
0xa5a600b404729cC8E7efC3978754a0F9AD19b3a7 299999999 20000000 0
0xa76Ede6A137b7Ea7685B9F60343cB6177D8852dd 4001999999 20000000 0
0xa774db1862ef77779bef0dbFadfF3217f70C83dC 502739999 20000000 0
0xa7b3e903d6EA855eAF3e2706FD69De4BAb31dfe6 508859999 25000000 0
0xa83Aa5fA547f5bf832Eaa57ccb18Fc27C3929419 30250000000 30000000 0
0xa7012325D2A05Cac3b2Dc8781F2083E4C7F041CF 1000000000 30000000 0
0xa8F1c6e522981945F60B70DAb9F23da272dF0Fa2 4000000000 30000000 0
0xa868906a05951Fde74f5E1fB3670690B79Bd5FB8 2045999999 16000000 0
0xa8a0cb4E2DBbeC8057e69B1d4D69E5cF74EAc819 1299999999 30000000 0
0xa9160CB8afa248e1E19bF59B21D654A84eC025F3 760810000 30000000 0
0xa9aa0a3CbD67845C7CDe12756817D409C157Cade 2688810000 30000000 0
0xad79d2946160aae406fBa0c1d9D598A735335374 500000000 30000000 0
0xaCB3a6051d5B41B244A6a35090e6065E15c1E90c 299900000 30000000 0
0xaB2109EFf3f2EfA143d12Dd6d3bb1D297584f07a 250859999 20000000 0
0xaCAdb078ED39830fa057AFe3127Bb06165B3Bc1D 2016920000 30000000 0
0xadcCB8c2A895733A9d84c998fF271E8fEf25E74E 1997860000 20000000 0
0xae2e3762368EFF4ffE19bC56b01f99AE43c4073f 1600200000 30000000 0
0xaef893d47A071dc7013984143ffa4E5412422738 1019999999 30000000 0
0xaeAebBD7Aa7868aA5053c38422BF712922D434d5 1010000000 30000000 0
0xb0543cf8dEa187913ab21b3568323F3Fe43c6C24 365899999 20000000 0
0xaf79A0E5F35F2A6D86e9EbfDb3738D06B32Ea9a6 3162699999 30000000 0
0xb43862CDC00bfEF7cA9e7447A017aF8f230a9BC3 601999999 30000000 0
0xb14baddf473aF04B715459127C0CE5Dfb36403fd 254999999 30000000 0
0xb17f6F305B2CFeA5FA9bC96cdB5e4f6F6C605112 499999999 20000000 0
0xb10e4b3B5014D68DD68037E4E1339EFE58c8bed4 546159999 30000000 0
0xb4aA027BA81DC57a0C667CeDc32415aB3101d198 3098000000 30000000 0
0xb49E4508dcE41617683DF4AB8e48B478986c0fe8 1099800000 30000000 0
0xb83912AecDE1e2B86423d44072923483088a42fC 250000000 15000000 0
0xb62fd6aCEbbAB497A9a35b401358B006657A34a4 250999999 30000000 0
0xb872a11286C8c9943A5Dcec8D5e4833DC9C5a800 756810000 30000000 0
0xbE80C915750f2917062E559f64167770f2C1Ca67 1000850000 20000000 0
0xbb14fb6F2a2b8DB4AA924d561e4b7CBd7AB464fE 501660000 30000000 0
0xbaBdCC559106497D2eeB65C5F888bca41881E35c 304899999 20000000 0
0xbbbd3bFC02e7Ca1D75fD91f7421AEC142c9B9005 519999999 22000000 0
0xbc2DFF8452495dc40763c8592638368896FB6758 250999999 30000000 0
0xbeAb395F191f35AC7D4A87Cc134F5f4E40005a6C 256950000 15000000 0
0xbd18e1b69D817f0794a4fcdd03a23Dc13c3e6Feb 2000000000 20000000 0
0xc02Bc8bFdFd88BAf0c1DA8861a88567Ccc4e9c14 1480289999 30000000 0
0xbf9ca80AEbB99FAc481641a8D84B5c8Aa5fCea39 20002000000 30000000 0
0xbf54d351e38Da7D755359fabf89e8864FD0377Cb 8385470000 30000000 0
0xc146b59eA03713a0921b5170CAb247d7b87339d2 1979999999 30000000 0
0xc1C5c94472920C09a50837A48d17E8fd5BB55c11 251860000 20000000 0
0xc2bd50a98899251433CB905D0E450b482Ec31Daa 754829999 30000000 0
0xc307b05992A71a9EA2CF20D6fe9EB4Cad7d10CB2 1350180000 20000000 0
0xc47771Ab0E37e8874a5F8458F206AcE18c51d7e2 1200000000 16000000 0
0xc59fd15734ef41Cf04B0194092D6e536a13F8D0e 389999999 17000000 0
0xc6C0eda0b5a7757aB97AE9B44CCCB6ae6DF9C37C 3002000000 30000000 0
0xc67c25a0002EF8Bd0F38c03867378A22E18D03Ae 2704999999 20000000 0
0xc73622FFf7A789B014926926533Fb93278816b49 250999999 30000000 0
0xc77B97681D482E81a9854248b6196d5a81C91A17 752000000 30000000 0
0xc8bdCb91b52A759B956557836BC5ba30d70309d2 270349999 20000000 0
0xc9F6aC2B9a48F63d220fF6cD45C5d2f703a882b2 696570000 30000000 0
0xc9a65Bc041873826ed5ae864b27651eB683b4a56 6121440000 30000000 0
0xcB9A9eAa6E51f90F8F9995CC898Fc8b7bcFD8E2F 3793990000 30000000 0
0xcE0b73D3822D39d5bea46a8B9e2dC0775B3c5207 500829999 20000000 0
0xcEaAA501a4D4e80B097026853E01089A77C918ea 1732349998 30000000 0
0xcEAf6635734ED8F502bB91743d840B85d2f8F8D4 259999999 30000000 0
0xcaFF3ce1b139B46913ba3bc3237F59318747a304 2850000000 20000000 0
0xccFaf02BD890947D4C2209BE2222067b8793a8f5 535540000 30000000 0
0xce2dF4650232E55C3e1F46e3Cbc2588638Ddc600 312000000 20000000 0
0xd07b776302e0e65a060B6caBb1d5dB224cab7Ce6 5040000000 28000000 0
0xd09Ff4A3D9eC809E31E12E06e56Be2105B425C4c 2841999999 30000000 0
0xd1C2CD5ede1EAD01fCAfCf5C6d4d4c806847D747 524999999 30000000 0
0xd0B449CEfb785428A7EF309f88cCF0b73D655522 8700740000 30000000 0
0xd1f3b946887dD5BE9cF532010256DBf218a18463 1012550000 30000000 0
0xd2306a3F343dE321d90Cac6c3D0746A7C0D8a79d 389999999 30000000 0
0xd3394a73f636a22F73FED5eb2B3E18F7e97Bb036 22216130000 30000000 0
0xd39004cE657e2Ec0175f9ea24Ef2fcFFfFc9D889 1409999999 25000000 0
0xd35450970A8c5CB0061b4737Fa0abEe4d3C74594 499999999 20000000 0
0xd3af37CB330507eaB8a02F9d3c3Bd5eBCf904015 549999999 30000000 0
0xd4e73F42fa247D1682D6f31e6eB8c5e96dC8B0E4 777850000 30000000 0
0xd42750D5025D74bd49f87F18b9B636e8542B61cA 402559999 21000000 0
0xd53a9846A502BaD2863F1DC51D568858C775dF64 500000000 25000000 0
0xd5724050fA47d3E54dAd4b94e024B2E618F8159A 1679019999 30000000 0
0xd6957C35fD61C6705bbDbd7b6fC6B55dD6219CeA 743957000 30000000 0
0xdA62542F06f97636244cD606FdA80906D5A6985A 308860000 20000000 0
0xd99Fb6981dE228f7BcF794f8c4D064c41caf4D76 1238830000 25000000 0
0xdAa4dABEC8626C537F59a6073bD35FB0A1290350 1999999999 30000000 0
0xdF3A35392563C546234C50EdF42f759736B13118 450000000 17000000 0
0xdF8137779Ff2C50D51cc27c86102edE6F314a376 502210000 20000000 0
0xdF2120120a77591353EB24c25E6d78Fa64ef2965 7270000000 30000000 0
0xdFE8c67e6907F8Fd929d46EeD3B86f2141179B83 592000000 24000000 0
0xda6f319fDaC0b5cddB33F65d41767B200Cb1702e 1800800000 29000000 0
0xdb8337a527312dB10411250e7fA8636c95449cdB 505899999 25000000 0
0xdaDe6eFA8F9b2bbA407714Ed1b966Cf324912511 259000000 10000000 0
0xdc98BC2d9DaaAa7b81c176971728F1Aeb9DA7a93 1001860000 16000000 0
0xdeB6d1D8B199Ce89C520100BA2bE493eE45Ba41c 2397950000 30000000 0
0xdf7D9A5E684960260F115f39406e5eEFa7F7470a 19885079999 30000000 0
0xe04c374F68Af851b1f9F9d2be151F094856161F6 550720000 30000000 0
0xe0b29E9E1DeeCbEc789500241b55d2A5d446D455 761000000 30000000 0
0xe2a5F2cc9eab18895aDa4866206fb6bfA560681d 4090420000 21000000 0
0xe3C71ED9c02F32343b2bD25942E6578166FF9103 355009999 10000000 0
0xe4B69B086d3f1EcC9d93B32E1D10E5e91D2590B7 301840000 20000000 0
0xe5015b6380E8F0b8Eea39D9292eFd33686eBBc9A 1201979999 20000000 0
0xe56bbB2D1A3C77dBfEca02361e154F5a6df4D874 30521599999 30000000 0
0xe70D804197627c7C6c495be5F0bC0fACfa98606E 4653170000 30000000 0
0xe6A855049273b25179DD35F1795B7BcE6898b9f3 531059999 30000000 0
0xe8c92c988a2D920442ED238534033A7Bac284916 2000360000 30000000 0
0xe9D3DbC477146576Cf29De89d1b75850Cd466B84 301339999 30000000 0
0xe9C5672042415dfF356e2aE7c7bD135DfA61B635 519999999 20000000 0
0xe9b7d7Eb95629ba852c99E2203D36cdB08a0CAE5 500000000 30000000 0
0xeA0c4a7F4921b37869fc251960CFf46a14a47818 251919999 20000000 0
0xeA5Adbf0806C1c883B213790367709EE4a286537 1165979999 30000000 0
0xeC1837AD8c812a7FC5bcFf613553D95C6056B080 1252830000 18000000 0
0xeDf0d1bC81109709C69d2192b7Be642B00779ABC 6300919999 30000000 0
0xeafb5424C9D326d4bc9e98ab6EF57fF10D458225 299289999 20000000 0
0xeb7855eAc6f0269607B4745F173ce356d6007366 1000000000 20000000 0
0xeeEcb749d7481dd0d4C5807754Ee4ef7f3c6a6FB 251729999 30000000 0
0xf0480894025Af29f86EBe3719D5b9417ea1E1676 1036829999 20000000 0
0xeead23E83AC9139ec420b1083467fa05EDE5616E 449999999 30000000 0
0xf0c8be994bd2E31c583f1C44B720Fea6FD2614dC 1006899999 30000000 0
0xf1e7c3dcCbBB3B1413E6D0dEB68B1B89acA551e6 999999999 25000000 0
0xf2386063289ef5366B7D05EAffe61e985aF6f010 7483999999 30000000 0
0xf249017c645E7a8fE443A24109D1B5e0eC13D270 1622000000 15000000 0
0xf3f819B1Fe0d627ddCFB1BB9660B02F1A531006c 502209999 30000000 0
0xf419AfF873B6256517acfad6D885fC6a2E1437f2 400000000 30000000 0
0xf5AC2de82A6b9409f47B76De83b6D82cc7389b5E 555000000 20000000 0
0xf4C1822B9bcBF87E94C9b015781A5ADC61F99aFd 1000899999 10000000 0
0xf623c87ca0Ce95316EBB33e2139Ff9D33954B4d4 254999999 26000000 0
0xf60222db3f9930093bDf574B23d0Dd59fF3E6997 499999999 30000000 0
0xf85052eCab627f39D17054cF1CfD8829Ec2d4238 299999999 11000000 0
0xf9d38548C1b5de3126eDb75A14a8Bdf9e456B6c8 400860000 20000000 0
0xfB80dFD3fd53A65cc24b7671f8FBB4b907Df8D55 710760000 30000000 0
0xfD088c45926a4759d706570EC694c1D30677862E 3109999999 30000000 0
0xfDa6c44F8dDA87Cde9F75c916F387314873a0F1F 540999999 30000000 0
0xfa1d290118763499b78707D16025031A0dD81BcE 250159999 20000000 0
0xfa919faA87D6920deE261FcD5eDf398351548C36 503999999 30000000 0
